{
  "name": "mu_WZa_NLO_13TeV",
  "doc": "Signal strength for WZa production at the 13 TeV LHC at NLO.",
  "params": [ "cpdc", "cpWB", "cWWW", "cpW", "cpBB", "c3pl1", "c3pl2", "cpqMi", "cpq3i", "cll" ],

  "constant": 1.0,
  "linear": [ -0.07204, -0.1452, -0.08145, -0.005455, 0.001567, -0.1819, -0.1819, -0.01953, 0.3455, 0.1819 ],

  "quadratic": [
  [ 0.001533, 0.002827, 0.001054, -6.78e-06, 0.006812, 0.003276, 0.003276, -0.001012, -0.007611, -0.003276 ],
 [ 0.002827, 0.203, 0.007666, -0.2875, 0.3643, 0.006604, 0.006604, -0.0006997, -0.002918, -0.006604 ],
 [ 0.001054, 0.007666, 1.041, 0.002595, 0.1791, 0.003703, 0.003703, 0.0002023, 0.02963, -0.003703 ],
 [ -6.78e-06, -0.2875, 0.002595, 0.4303, -0.3165, 0.000248, 0.000248, -0.0001115, 0.002591, -0.000248 ],
 [ 0.006812, 0.3643, 0.1791, -0.3165, 0.4294, -7.125e-05, -7.125e-05, 0.01574, 0.1218, 7.125e-05 ],
 [ 0.003276, 0.006604, 0.003703, 0.000248, -7.125e-05, 0.008271, 0.008271, 0.0008881, -0.01571, -0.008271 ],
 [ 0.003276, 0.006604, 0.003703, 0.000248, -7.125e-05, 0.008271, 0.008271, 0.0008881, -0.01571, -0.008271 ],
 [ -0.001012, -0.0006997, 0.0002023, -0.0001115, 0.01574, 0.0008881, 0.0008881, 0.008318, 0.006579, -0.0008881 ],
 [ -0.007611, -0.002918, 0.02963, 0.002591, 0.1218, -0.01571, -0.01571, 0.006579, 0.4974, 0.01571 ],
 [ -0.003276, -0.006604, -0.003703, -0.000248, 7.125e-05, -0.008271, -0.008271, -0.0008881, 0.01571, 0.008271 ]
  ],
  "lambda_gen": 1000.0
}