{
  "name": "mu_Waa_NLO_13TeV",
  "doc": "Signal strength for Waa production at the 13 TeV LHC at NLO.",
  "params": [ "cpdc", "cpWB", "cWWW", "cpW", "cpBB", "c3pl1", "c3pl2", "cpq3i", "cll" ],

  "constant": 1.0,
  "linear": [ -0.2128, -0.436, -0.05217, -2.95e-05, 0.0003631, -0.1819, -0.1819, 0.1206, 0.1819 ],

  "quadratic": [
  [ 0.01128, 0.02373, 0.004121, -0.0009887, -0.0002252, 0.009677, 0.009677, -0.006419, -0.009677 ],
 [ 0.02373, 2.574, 0.01294, -1.352, -4.72, 0.01983, 0.01983, -0.01237, -0.01983 ],
 [ 0.004121, 0.01294, 0.2655, 0.006326, 0.02693, 0.002372, 0.002372, -0.001355, -0.002372 ],
 [ -0.0009887, -1.352, 0.006326, 0.7253, 2.531, 1.341e-06, 1.341e-06, 0.0001024, -1.341e-06 ],
 [ -0.0002252, -4.72, 0.02693, 2.531, 8.839, -1.651e-05, -1.651e-05, 0.0002373, 1.651e-05 ],
 [ 0.009677, 0.01983, 0.002372, 1.341e-06, -1.651e-05, 0.008271, 0.008271, -0.005481, -0.008271 ],
 [ 0.009677, 0.01983, 0.002372, 1.341e-06, -1.651e-05, 0.008271, 0.008271, -0.005481, -0.008271 ],
 [ -0.006419, -0.01237, -0.001355, 0.0001024, 0.0002373, -0.005481, -0.005481, 0.003654, 0.005481 ],
 [ -0.009677, -0.01983, -0.002372, -1.341e-06, 1.651e-05, -0.008271, -0.008271, 0.005481, 0.008271 ]
  ],
  "lambda_gen": 1000.0
}