{
  "params": [ "cpdc", "cpWB", "cpl1", "cpl2", "cpl3", "c3pl1", "c3pl2", "c3pl3", "cpe", "cpmu", "cpta", "cpqMi", "cpq3i", "cpQ3", "cpQM", "cpu", "cpd", "cll" ],

  "constant": 2.4442,
  "linear": [ -0.010525, 0.069453, -0.0089656, -0.0089636, -0.0089656, -0.11691, -0.11691, 0.031263, -0.0089647, -0.008965, -0.0089649, 0.017927, 0.20549, 0.10275, 0.05138, 0.03586, -0.026894, 0.14818 ],

  "quadratic": [
  [ 0.0045097, 0.0047436, 0.00054179, 0.00054177, 0.00054174, 0.00039873, 0.00039869, 0.00023695, 0.00054172, 0.00054173, 0.00054172, -0.0010836, 0.000338, 0.0001691, 8.447e-05, -0.0021668, 0.0016253, -0.00016186 ],
 [ 0.0047436, 0.0056315, 0.00050747, 0.00050747, 0.00050738, -0.00052179, -0.00052194, 0.00050737, 0.00050743, 0.00050744, 0.00050743, -0.0010149, 0.0020292, 0.0010152, 0.0005074, -0.0020297, 0.0015224, 0.0010294 ],
 [ 0.00054179, 0.00050747, 0.0012193, 0.0, 0.0, 0.00013588, 0.00013591, 0.0, 0.0, 0.0, 0.0, 0.0, 0.0, 0.0, 0.0, 0.0, 0.0, -0.00013584 ],
 [ 0.00054177, 0.00050747, 0.0, 0.0012193, 0.0, 0.00013586, 0.00013588, 0.0, 0.0, 0.0, 0.0, 0.0, 0.0, 0.0, 0.0, 0.0, 0.0, -0.00013584 ],
 [ 0.00054174, 0.00050738, 0.0, 0.0, 0.0012193, 0.00013585, 0.00013588, 4e-08, 0.0, 0.0, 0.0, 0.0, 0.0, 0.0, 0.0, 0.0, 0.0, -0.00013589 ],
 [ 0.00039873, -0.00052179, 0.00013588, 0.00013586, 0.00013585, 0.0025175, 0.0012984, -0.00047378, 0.00013587, 0.00013586, 0.00013586, -0.0002719, -0.0031145, -0.0015572, -0.00077858, -0.0005434, 0.0004077, -0.001772 ],
 [ 0.00039869, -0.00052194, 0.00013591, 0.00013588, 0.00013588, 0.0012984, 0.0025176, -0.00047379, 0.00013585, 0.00013588, 0.00013586, -0.000272, -0.0031147, -0.0015573, -0.00077862, -0.0005434, 0.0004079, -0.0017721 ],
 [ 0.00023695, 0.00050737, 0.0, 0.0, 4e-08, -0.00047378, -0.00047379, 0.0012193, 0.0, 0.0, 0.0, 0.0, 0.0, 0.0, 0.0, 0.0, 0.0, 0.00047386 ],
 [ 0.00054172, 0.00050743, 0.0, 0.0, 0.0, 0.00013587, 0.00013585, 0.0, 0.00060967, 0.0, 0.0, 0.0, 0.0, 0.0, 0.0, 0.0, 0.0, -0.00013588 ],
 [ 0.00054173, 0.00050744, 0.0, 0.0, 0.0, 0.00013586, 0.00013588, 0.0, 0.0, 0.00060966, 0.0, 0.0, 0.0, 0.0, 0.0, 0.0, 0.0, -0.00013587 ],
 [ 0.00054172, 0.00050743, 0.0, 0.0, 0.0, 0.00013586, 0.00013586, 0.0, 0.0, 0.0, 0.00060967, 0.0, 0.0, 0.0, 0.0, 0.0, 0.0, -0.00013588 ],
 [ -0.0010836, -0.0010149, 0.0, 0.0, 0.0, -0.0002719, -0.000272, 0.0, 0.0, 0.0, 0.0, 0.0073162, 0.0073159, 0.0, 0.0, 0.0, 0.0, 0.0002718 ],
 [ 0.000338, 0.0020292, 0.0, 0.0, 0.0, -0.0031145, -0.0031147, 0.0, 0.0, 0.0, 0.0, 0.0073159, 0.014632, 0.0, 0.0, 0.0, 0.0, 0.0031144 ],
 [ 0.0001691, 0.0010152, 0.0, 0.0, 0.0, -0.0015572, -0.0015573, 0.0, 0.0, 0.0, 0.0, 0.0, 0.0, 0.0073159, 0.0036581, 0.0, 0.0, 0.0015573 ],
 [ 8.447e-05, 0.0005074, 0.0, 0.0, 0.0, -0.00077858, -0.00077862, 0.0, 0.0, 0.0, 0.0, 0.0, 0.0, 0.0036581, 0.0018289, 0.0, 0.0, 0.0007786 ],
 [ -0.0021668, -0.0020297, 0.0, 0.0, 0.0, -0.0005434, -0.0005434, 0.0, 0.0, 0.0, 0.0, 0.0, 0.0, 0.0, 0.0, 0.0036578, 0.0, 0.00054351 ],
 [ 0.0016253, 0.0015224, 0.0, 0.0, 0.0, 0.0004077, 0.0004079, 0.0, 0.0, 0.0, 0.0, 0.0, 0.0, 0.0, 0.0, 0.0, 0.0054869, -0.0004075 ],
 [ -0.00016186, 0.0010294, -0.00013584, -0.00013584, -0.00013589, -0.001772, -0.0017721, 0.00047386, -0.00013588, -0.00013587, -0.00013588, 0.0002718, 0.0031144, 0.0015573, 0.0007786, 0.00054351, -0.0004075, 0.0022459 ]
  ],
  "lambda_gen": 1000.0
}