{
  "params": [ "cpdc", "cpWB", "cpl3", "c3pl1", "c3pl2", "c3pl3", "cpta", "cll" ],

  "constant": 1.0,
  "linear": [ -0.010092, 0.021657, 0.13284, -0.060623, -0.060625, 0.13285, -0.10683, 0.060624 ],

  "quadratic": [
  [ 0.0086984, 0.009235, 0.0046396, 0.00015309, 0.00015312, 0.0046395, 0.0064553, -0.00015295 ],
 [ 0.009235, 0.010066, 0.0060461, -0.00032829, -0.00032836, 0.0060459, 0.0060467, 0.00032811 ],
 [ 0.0046396, 0.0060461, 0.0072646, -0.0020133, -0.0020133, 0.0072653, 0.0, 0.0020131 ],
 [ 0.00015309, -0.00032829, -0.0020133, 0.00091878, 0.00091881, -0.0020134, 0.0016189, -0.00091879 ],
 [ 0.00015312, -0.00032836, -0.0020133, 0.00091881, 0.00091878, -0.0020133, 0.0016189, -0.00091879 ],
 [ 0.0046395, 0.0060459, 0.0072653, -0.0020134, -0.0020133, 0.0072647, 0.0, 0.0020134 ],
 [ 0.0064553, 0.0060467, 0.0, 0.0016189, 0.0016189, 0.0, 0.007265, -0.0016192 ],
 [ -0.00015295, 0.00032811, 0.0020131, -0.00091879, -0.00091879, 0.0020134, -0.0016192, 0.00091881 ]
  ],
  "lambda_gen": 1000.0
}