{
  "observable_name": "mu_pTH_ggF_H_WW_CMS_Run2", 
  "measurement_name": "mu_pTH_ggF_H_WW_CMS_Run2", 
  "CDS": "http://cds.cern.ch/record/2691268", 
  "reportnumber": "CMS-PAS-HIG-19-002", 
  "DOI": "", 
  "date": "2019/10/01", 
  "experiment": "CERN LHC Run 2, CMS", 
  "description": "Measurements of differential Higgs boson production cross sections in the leptonic WW decay mode at $\\sqrt{s} = 13~\\mathrm{TeV}$, (Higgs pT: Tab. 3 & Fig. 4)", 
  "value": [ 1.25, 0.67, 1.35, 0.80, 1.15, 0.70 ], 
  "uncertainty": {
    "tot": [ [ 0.27, 0.28 ], 
             [ 0.36, 0.37 ], 
             [ 0.34, 0.35 ],
             [ 0.44, 0.46 ],
             [ 0.42, 0.46 ],
             [ 0.57, 0.64 ] ]
},
  "uncertainty_sigma": 1, 
  "th_flat": true,
  "correlation_matrix":[  
    [ 1.000, -0.598,  0.246,  0.022,  0.011,  0.014 ],
    [-0.598,  1.000, -0.368,  0.104,  0.028,  0.003 ],
    [ 0.246, -0.368,  1.000, -0.211,  0.082,  0.034 ],
    [ 0.022,  0.104, -0.211,  1.000, -0.117,  0.045 ],
    [ 0.011,  0.028,  0.082, -0.117,  1.000, -0.025 ],
    [ 0.014,  0.003,  0.034,  0.045, -0.025,  1.000 ]
  ]
}