{
  "params": [ "cpdc", "cpWB", "cpq3i", "cpqMi", "cpu", "cpd", "cWWW", "c3pl1", "c3pl2", "cll" ],

  "constant": [ 1.0, 1.0, 1.0, 1.0, 1.0, 1.0, 1.0, 1.0, 1.0, 1.0, 1.0 ],

  "linear": [
  [ -0.001428, 0.00223, 0.2766, 0.00282, 0.008581, -0.004102, 0.004227, -0.1212, -0.1212, 0.1212 ],
 [ -0.001226, 0.0001551, 0.2807, 0.009209, 0.008554, -0.004578, -0.003401, -0.1212, -0.1212, 0.1212 ],
 [ -0.001632, 6.488e-05, 0.2855, 0.006098, 0.009976, -0.004603, 0.00343, -0.1212, -0.1212, 0.1212 ],
 [ -0.001433, 0.0002135, 0.2859, -0.001233, 0.009917, -0.004302, -0.01316, -0.1212, -0.1212, 0.1212 ],
 [ -0.001687, -0.0004885, 0.2804, 0.00492, 0.009889, -0.004518, -0.004902, -0.1212, -0.1212, 0.1212 ],
 [ -0.002048, -0.000353, 0.2879, 0.003808, 0.01161, -0.004758, -0.003913, -0.1212, -0.1212, 0.1212 ],
 [ -0.002403, -0.0002404, 0.2882, 0.002154, 0.01087, -0.004426, -0.00182, -0.1212, -0.1212, 0.1212 ],
 [ -0.002663, -0.0003019, 0.2877, 0.00917, 0.01312, -0.00465, -0.01299, -0.1212, -0.1212, 0.1212 ],
 [ -0.002471, 0.0002696, 0.3047, 0.0005415, 0.01495, -0.004193, 0.005547, -0.1212, -0.1212, 0.1212 ],
 [ -0.00322, -0.0004396, 0.3372, 0.006803, 0.01743, -0.00501, -0.003084, -0.1212, -0.1212, 0.1212 ],
 [ -0.002827, 0.0003258, 0.3095, 0.01446, 0.01636, -0.004043, 0.009787, -0.1212, -0.1212, 0.1212 ]
  ],
  "quadratic": [
  [ [ 5.057e-05, 2.868e-05, -0.01213, 0.001482, 0.004799, 0.004105, 0.009697, 4.329e-05, 4.329e-05, -4.329e-05 ],
 [ 2.868e-05, 0.0006617, -0.01162, 0.002372, 0.003904, 0.005221, 0.01745, -6.76e-05, -6.76e-05, 6.76e-05 ],
 [ -0.01213, -0.01162, 0.1186, 0.05905, 0.00387, -0.004626, 0.003103, -0.008384, -0.008384, 0.008384 ],
 [ 0.001482, 0.002372, 0.05905, 0.0406, 0.006948, 0.005648, 0.01282, -8.548e-05, -8.548e-05, 8.548e-05 ],
 [ 0.004799, 0.003904, 0.00387, 0.006948, 0.01948, 0.002712, -0.004191, -0.0002601, -0.0002601, 0.0002601 ],
 [ 0.004105, 0.005221, -0.004626, 0.005648, 0.002712, 0.0229, 0.009232, 0.0001243, 0.0001243, -0.0001243 ],
 [ 0.009697, 0.01745, 0.003103, 0.01282, -0.004191, 0.009232, 0.05018, -0.0001281, -0.0001281, 0.0001281 ],
 [ 4.329e-05, -6.76e-05, -0.008384, -8.548e-05, -0.0002601, 0.0001243, -0.0001281, 0.003674, 0.003674, -0.003674 ],
 [ 4.329e-05, -6.76e-05, -0.008384, -8.548e-05, -0.0002601, 0.0001243, -0.0001281, 0.003674, 0.003674, -0.003674 ],
 [ -4.329e-05, 6.76e-05, 0.008384, 8.548e-05, 0.0002601, -0.0001243, 0.0001281, -0.003674, -0.003674, 0.003674 ]
    ], [
  [ 5.15e-05, -3.899e-05, 0.007622, 0.004326, 0.002125, -0.005573, -0.001787, 3.716e-05, 3.716e-05, -3.716e-05 ],
 [ -3.899e-05, 0.0007632, 0.00325, 0.004601, 0.003401, -0.00755, 0.006322, -4.701e-06, -4.701e-06, 4.701e-06 ],
 [ 0.007622, 0.00325, 0.103, 0.07053, 0.004993, 0.01239, 0.003063, -0.008509, -0.008509, 0.008509 ],
 [ 0.004326, 0.004601, 0.07053, 0.03467, 0.001723, 0.007469, 7.19e-05, -0.0002791, -0.0002791, 0.0002791 ],
 [ 0.002125, 0.003401, 0.004993, 0.001723, 0.02144, -0.0002325, 0.00382, -0.0002593, -0.0002593, 0.0002593 ],
 [ -0.005573, -0.00755, 0.01239, 0.007469, -0.0002325, 0.03286, -0.002518, 0.0001388, 0.0001388, -0.0001388 ],
 [ -0.001787, 0.006322, 0.003063, 7.19e-05, 0.00382, -0.002518, 0.07337, 0.0001031, 0.0001031, -0.0001031 ],
 [ 3.716e-05, -4.701e-06, -0.008509, -0.0002791, -0.0002593, 0.0001388, 0.0001031, 0.003674, 0.003674, -0.003674 ],
 [ 3.716e-05, -4.701e-06, -0.008509, -0.0002791, -0.0002593, 0.0001388, 0.0001031, 0.003674, 0.003674, -0.003674 ],
 [ -3.716e-05, 4.701e-06, 0.008509, 0.0002791, 0.0002593, -0.0001388, -0.0001031, -0.003674, -0.003674, 0.003674 ]
    ], [
  [ 5.597e-05, -2.033e-05, 0.0003329, -0.008063, 0.003331, 0.0006818, 0.009238, 4.947e-05, 4.947e-05, -4.947e-05 ],
 [ -2.033e-05, 0.0008564, 0.01796, -0.03276, 0.004249, 0.002288, 0.001383, -1.967e-06, -1.967e-06, 1.967e-06 ],
 [ 0.0003329, 0.01796, 0.1189, 0.07253, 0.005764, 0.01127, 0.02445, -0.008654, -0.008654, 0.008654 ],
 [ -0.008063, -0.03276, 0.07253, 0.06116, -0.01022, -0.004109, -0.0008717, -0.0001848, -0.0001848, 0.0001848 ],
 [ 0.003331, 0.004249, 0.005764, -0.01022, 0.0299, -0.0156, 0.002054, -0.0003024, -0.0003024, 0.0003024 ],
 [ 0.0006818, 0.002288, 0.01127, -0.004109, -0.0156, 0.02984, -0.007154, 0.0001395, 0.0001395, -0.0001395 ],
 [ 0.009238, 0.001383, 0.02445, -0.0008717, 0.002054, -0.007154, 0.06196, -0.000104, -0.000104, 0.000104 ],
 [ 4.947e-05, -1.967e-06, -0.008654, -0.0001848, -0.0003024, 0.0001395, -0.000104, 0.003674, 0.003674, -0.003674 ],
 [ 4.947e-05, -1.967e-06, -0.008654, -0.0001848, -0.0003024, 0.0001395, -0.000104, 0.003674, 0.003674, -0.003674 ],
 [ -4.947e-05, 1.967e-06, 0.008654, 0.0001848, 0.0003024, -0.0001395, 0.000104, -0.003674, -0.003674, 0.003674 ]
    ], [
  [ 5.346e-05, -4.263e-05, -0.0003771, -0.00912, 0.00305, 0.003015, -0.01695, 4.344e-05, 4.344e-05, -4.344e-05 ],
 [ -4.263e-05, 0.0008087, 0.004174, -0.0001878, 0.004507, -0.0009137, -0.00222, -6.472e-06, -6.472e-06, 6.472e-06 ],
 [ -0.0003771, 0.004174, 0.1369, 0.04961, 0.004683, 0.009705, 0.001782, -0.008666, -0.008666, 0.008666 ],
 [ -0.00912, -0.0001878, 0.04961, 0.0587, -0.0002025, -0.00914, -0.009329, 3.737e-05, 3.737e-05, -3.737e-05 ],
 [ 0.00305, 0.004507, 0.004683, -0.0002025, 0.02762, 0.004259, -0.006904, -0.0003006, -0.0003006, 0.0003006 ],
 [ 0.003015, -0.0009137, 0.009705, -0.00914, 0.004259, 0.02683, -0.01115, 0.0001304, 0.0001304, -0.0001304 ],
 [ -0.01695, -0.00222, 0.001782, -0.009329, -0.006904, -0.01115, 0.08492, 0.0003989, 0.0003989, -0.0003989 ],
 [ 4.344e-05, -6.472e-06, -0.008666, 3.737e-05, -0.0003006, 0.0001304, 0.0003989, 0.003674, 0.003674, -0.003674 ],
 [ 4.344e-05, -6.472e-06, -0.008666, 3.737e-05, -0.0003006, 0.0001304, 0.0003989, 0.003674, 0.003674, -0.003674 ],
 [ -4.344e-05, 6.472e-06, 0.008666, -3.737e-05, 0.0003006, -0.0001304, -0.0003989, -0.003674, -0.003674, 0.003674 ]
    ], [
  [ 5.421e-05, -5.783e-05, -0.01301, 0.00698, -0.005306, 0.00545, 0.01812, 5.114e-05, 5.114e-05, -5.114e-05 ],
 [ -5.783e-05, 0.0007869, -0.009342, 0.009025, 0.00567, 0.005831, 0.0282, 1.481e-05, 1.481e-05, -1.481e-05 ],
 [ -0.01301, -0.009342, 0.1388, 0.06895, -0.01403, 0.005007, 0.01739, -0.0085, -0.0085, 0.0085 ],
 [ 0.00698, 0.009025, 0.06895, 0.04131, 0.007087, 0.01061, 0.03349, -0.0001491, -0.0001491, 0.0001491 ],
 [ -0.005306, 0.00567, -0.01403, 0.007087, 0.03298, 0.004547, 0.0248, -0.0002998, -0.0002998, 0.0002998 ],
 [ 0.00545, 0.005831, 0.005007, 0.01061, 0.004547, 0.009459, 0.03259, 0.0001369, 0.0001369, -0.0001369 ],
 [ 0.01812, 0.0282, 0.01739, 0.03349, 0.0248, 0.03259, 0.02688, 0.0001486, 0.0001486, -0.0001486 ],
 [ 5.114e-05, 1.481e-05, -0.0085, -0.0001491, -0.0002998, 0.0001369, 0.0001486, 0.003674, 0.003674, -0.003674 ],
 [ 5.114e-05, 1.481e-05, -0.0085, -0.0001491, -0.0002998, 0.0001369, 0.0001486, 0.003674, 0.003674, -0.003674 ],
 [ -5.114e-05, -1.481e-05, 0.0085, 0.0001491, 0.0002998, -0.0001369, -0.0001486, -0.003674, -0.003674, 0.003674 ]
    ], [
  [ 6.257e-05, 1.488e-05, 0.00408, 0.001825, -0.002251, -8.808e-05, 0.01775, 6.208e-05, 6.208e-05, -6.208e-05 ],
 [ 1.488e-05, 0.0008091, 0.01049, 0.002101, 7.826e-05, -0.002258, 0.01368, 1.07e-05, 1.07e-05, -1.07e-05 ],
 [ 0.00408, 0.01049, 0.1383, 0.06986, -0.02212, 0.004232, 0.02564, -0.008727, -0.008727, 0.008727 ],
 [ 0.001825, 0.002101, 0.06986, 0.05737, 1.604e-05, -0.001166, 0.01195, -0.0001154, -0.0001154, 0.0001154 ],
 [ -0.002251, 7.826e-05, -0.02212, 1.604e-05, 0.03657, -0.001735, 0.0157, -0.0003519, -0.0003519, 0.0003519 ],
 [ -8.808e-05, -0.002258, 0.004232, -0.001166, -0.001735, 0.02367, 0.004288, 0.0001442, 0.0001442, -0.0001442 ],
 [ 0.01775, 0.01368, 0.02564, 0.01195, 0.0157, 0.004288, 0.04777, 0.0001186, 0.0001186, -0.0001186 ],
 [ 6.208e-05, 1.07e-05, -0.008727, -0.0001154, -0.0003519, 0.0001442, 0.0001186, 0.003674, 0.003674, -0.003674 ],
 [ 6.208e-05, 1.07e-05, -0.008727, -0.0001154, -0.0003519, 0.0001442, 0.0001186, 0.003674, 0.003674, -0.003674 ],
 [ -6.208e-05, -1.07e-05, 0.008727, 0.0001154, 0.0003519, -0.0001442, -0.0001186, -0.003674, -0.003674, 0.003674 ]
    ], [
  [ 6.242e-05, -0.000153, -0.0124, -0.001448, 0.004114, -0.0001171, 0.01092, 7.284e-05, 7.284e-05, -7.284e-05 ],
 [ -0.000153, 0.0008974, -0.01209, -0.001058, 0.005564, -0.0005341, 0.009753, 7.287e-06, 7.287e-06, -7.287e-06 ],
 [ -0.0124, -0.01209, 0.1508, 0.05571, -0.01294, -0.006931, 0.01148, -0.008736, -0.008736, 0.008736 ],
 [ -0.001448, -0.001058, 0.05571, 0.05327, -0.001492, 0.001586, 0.0116, -6.529e-05, -6.529e-05, 6.529e-05 ],
 [ 0.004114, 0.005564, -0.01294, -0.001492, 0.02497, -0.0006117, 0.009259, -0.0003295, -0.0003295, 0.0003295 ],
 [ -0.0001171, -0.0005341, -0.006931, 0.001586, -0.0006117, 0.02293, 0.01398, 0.0001342, 0.0001342, -0.0001342 ],
 [ 0.01092, 0.009753, 0.01148, 0.0116, 0.009259, 0.01398, 0.04572, 5.517e-05, 5.517e-05, -5.517e-05 ],
 [ 7.284e-05, 7.287e-06, -0.008736, -6.529e-05, -0.0003295, 0.0001342, 5.517e-05, 0.003674, 0.003674, -0.003674 ],
 [ 7.284e-05, 7.287e-06, -0.008736, -6.529e-05, -0.0003295, 0.0001342, 5.517e-05, 0.003674, 0.003674, -0.003674 ],
 [ -7.284e-05, -7.287e-06, 0.008736, 6.529e-05, 0.0003295, -0.0001342, -5.517e-05, -0.003674, -0.003674, 0.003674 ]
    ], [
  [ 7.358e-05, -4.159e-05, 0.007549, -0.0005262, -0.001771, 0.001268, -0.006109, 8.072e-05, 8.072e-05, -8.072e-05 ],
 [ -4.159e-05, 0.0007627, 0.003688, -0.003208, 0.002581, -0.04939, 0.003042, 9.151e-06, 9.151e-06, -9.151e-06 ],
 [ 0.007549, 0.003688, 0.1416, 0.07174, 0.0007581, -0.0004568, 0.009421, -0.008721, -0.008721, 0.008721 ],
 [ -0.0005262, -0.003208, 0.07174, 0.05296, -0.0002692, -0.001497, -0.001711, -0.000278, -0.000278, 0.000278 ],
 [ -0.001771, 0.002581, 0.0007581, -0.0002692, 0.03268, 0.007706, -0.006606, -0.0003977, -0.0003977, 0.0003977 ],
 [ 0.001268, -0.04939, -0.0004568, -0.001497, 0.007706, 0.01911, -0.005853, 0.000141, 0.000141, -0.000141 ],
 [ -0.006109, 0.003042, 0.009421, -0.001711, -0.006606, -0.005853, 0.06881, 0.0003938, 0.0003938, -0.0003938 ],
 [ 8.072e-05, 9.151e-06, -0.008721, -0.000278, -0.0003977, 0.000141, 0.0003938, 0.003674, 0.003674, -0.003674 ],
 [ 8.072e-05, 9.151e-06, -0.008721, -0.000278, -0.0003977, 0.000141, 0.0003938, 0.003674, 0.003674, -0.003674 ],
 [ -8.072e-05, -9.151e-06, 0.008721, 0.000278, 0.0003977, -0.000141, -0.0003938, -0.003674, -0.003674, 0.003674 ]
    ], [
  [ 7.871e-05, -5.51e-05, 0.0001278, 0.00155, -0.005513, 0.001256, -0.0123, 7.49e-05, 7.49e-05, -7.49e-05 ],
 [ -5.51e-05, 0.0008875, -0.004892, -0.002248, -0.002428, -0.00157, -0.004587, -8.172e-06, -8.172e-06, 8.172e-06 ],
 [ 0.0001278, -0.004892, 0.1497, 0.06233, 0.02553, 0.006228, 0.03496, -0.009236, -0.009236, 0.009236 ],
 [ 0.00155, -0.002248, 0.06233, 0.04755, 0.003515, -0.001234, -0.003546, -1.641e-05, -1.641e-05, 1.641e-05 ],
 [ -0.005513, -0.002428, 0.02553, 0.003515, 0.0366, 0.00357, -0.0116, -0.0004532, -0.0004532, 0.0004532 ],
 [ 0.001256, -0.00157, 0.006228, -0.001234, 0.00357, 0.01586, -0.003552, 0.0001271, 0.0001271, -0.0001271 ],
 [ -0.0123, -0.004587, 0.03496, -0.003546, -0.0116, -0.003552, 0.0724, -0.0001681, -0.0001681, 0.0001681 ],
 [ 7.49e-05, -8.172e-06, -0.009236, -1.641e-05, -0.0004532, 0.0001271, -0.0001681, 0.003674, 0.003674, -0.003674 ],
 [ 7.49e-05, -8.172e-06, -0.009236, -1.641e-05, -0.0004532, 0.0001271, -0.0001681, 0.003674, 0.003674, -0.003674 ],
 [ -7.49e-05, 8.172e-06, 0.009236, 1.641e-05, 0.0004532, -0.0001271, 0.0001681, -0.003674, -0.003674, 0.003674 ]
    ], [
  [ 9.278e-05, 0.0001743, -0.01093, -0.000162, -0.007037, 0.001191, -0.00969, 9.76e-05, 9.76e-05, -9.76e-05 ],
 [ 0.0001743, 0.0004854, -0.01101, 0.00166, -0.001899, 0.0007631, 0.005638, 1.333e-05, 1.333e-05, -1.333e-05 ],
 [ -0.01093, -0.01101, 0.1641, 0.0727, -0.02095, -0.008557, 0.00181, -0.01022, -0.01022, 0.01022 ],
 [ -0.000162, 0.00166, 0.0727, 0.0459, -0.005364, -0.003673, 0.00645, -0.0002062, -0.0002062, 0.0002062 ],
 [ -0.007037, -0.001899, -0.02095, -0.005364, 0.04505, -0.008641, 0.004286, -0.0005283, -0.0005283, 0.0005283 ],
 [ 0.001191, 0.0007631, -0.008557, -0.003673, -0.008641, 0.01736, 0.0005211, 0.0001519, 0.0001519, -0.0001519 ],
 [ -0.00969, 0.005638, 0.00181, 0.00645, 0.004286, 0.0005211, 0.06255, 9.348e-05, 9.348e-05, -9.348e-05 ],
 [ 9.76e-05, 1.333e-05, -0.01022, -0.0002062, -0.0005283, 0.0001519, 9.348e-05, 0.003674, 0.003674, -0.003674 ],
 [ 9.76e-05, 1.333e-05, -0.01022, -0.0002062, -0.0005283, 0.0001519, 9.348e-05, 0.003674, 0.003674, -0.003674 ],
 [ -9.76e-05, -1.333e-05, 0.01022, 0.0002062, 0.0005283, -0.0001519, -9.348e-05, -0.003674, -0.003674, 0.003674 ]
    ], [
  [ 9.876e-05, -4.115e-05, -0.008912, 0.0052, -0.003936, 0.003464, -0.002492, 8.569e-05, 8.569e-05, -8.569e-05 ],
 [ -4.115e-05, 0.0008017, -0.004466, 0.00489, -0.001189, 0.00222, -0.00489, -9.876e-06, -9.876e-06, 9.876e-06 ],
 [ -0.008912, -0.004466, 0.147, 0.05358, -0.009139, 8.815e-05, -0.008502, -0.009382, -0.009382, 0.009382 ],
 [ 0.0052, 0.00489, 0.05358, 0.03864, 0.0009645, 0.003471, -0.01441, -0.0004383, -0.0004383, 0.0004383 ],
 [ -0.003936, -0.001189, -0.009139, 0.0009645, 0.02926, 0.002054, -0.003166, -0.0004959, -0.0004959, 0.0004959 ],
 [ 0.003464, 0.00222, 8.815e-05, 0.003471, 0.002054, 0.007417, -0.003705, 0.0001226, 0.0001226, -0.0001226 ],
 [ -0.002492, -0.00489, -0.008502, -0.01441, -0.003166, -0.003705, 0.0568, -0.0002967, -0.0002967, 0.0002967 ],
 [ 8.569e-05, -9.876e-06, -0.009382, -0.0004383, -0.0004959, 0.0001226, -0.0002967, 0.003674, 0.003674, -0.003674 ],
 [ 8.569e-05, -9.876e-06, -0.009382, -0.0004383, -0.0004959, 0.0001226, -0.0002967, 0.003674, 0.003674, -0.003674 ],
 [ -8.569e-05, 9.876e-06, 0.009382, 0.0004383, 0.0004959, -0.0001226, 0.0002967, -0.003674, -0.003674, 0.003674 ]
    ]
  ],
  "lambda_gen": 1000.0
}