{
  "params": [ "cpdc", "cpWB", "cpq3i", "cpqMi", "cWWW", "c3pl1", "c3pl2", "cll" ],

  "constant": [ 1.0, 1.0, 1.0, 1.0, 1.0, 1.0, 1.0 ],

  "linear": [
  [ 0.007228, 0.0565, 0.2518, 0.05066, -0.03309, -0.1212, -0.1212, 0.1212 ],
 [ 0.002767, 0.07373, 0.3128, 0.03831, -0.01496, -0.1212, -0.1212, 0.1212 ],
 [ 0.007714, 0.07968, 0.3659, 0.0305, -0.006536, -0.1212, -0.1212, 0.1212 ],
 [ 0.009118, 0.08409, 0.4617, 0.01695, -0.01248, -0.1212, -0.1212, 0.1212 ],
 [ 0.004581, 0.08458, 0.5203, 0.019, -0.02271, -0.1212, -0.1212, 0.1212 ],
 [ 0.008058, 0.07766, 0.5974, 0.01824, -0.06678, -0.1212, -0.1212, 0.1212 ],
 [ 0.007691, 0.07744, 0.8895, 0.01271, -0.1995, -0.1212, -0.1212, 0.1212 ]
  ],
  "quadratic": [
  [ [ 0.009019, 0.009767, -0.00287, -0.002369, -0.0002256, -0.0002191, -0.0002191, 0.0002191 ],
 [ 0.009767, 0.01196, 0.002428, -0.001499, -7.195e-05, -0.001713, -0.001713, 0.001713 ],
 [ -0.00287, 0.002428, 0.03398, 0.01617, 0.0003919, -0.007633, -0.007633, 0.007633 ],
 [ -0.002369, -0.001499, 0.01617, 0.01475, -3.314e-05, -0.001536, -0.001536, 0.001536 ],
 [ -0.0002256, -7.195e-05, 0.0003919, -3.314e-05, 0.001831, 0.001003, 0.001003, -0.001003 ],
 [ -0.0002191, -0.001713, -0.007633, -0.001536, 0.001003, 0.003674, 0.003674, -0.003674 ],
 [ -0.0002191, -0.001713, -0.007633, -0.001536, 0.001003, 0.003674, 0.003674, -0.003674 ],
 [ 0.0002191, 0.001713, 0.007633, 0.001536, -0.001003, -0.003674, -0.003674, 0.003674 ]
    ], [
  [ 0.009139, 0.01036, -0.001677, -0.002232, -1.325e-05, -8.387e-05, -8.387e-05, 8.387e-05 ],
 [ 0.01036, 0.01288, 0.004153, -0.001749, 0.0003477, -0.002235, -0.002235, 0.002235 ],
 [ -0.001677, 0.004153, 0.04852, 0.01514, 0.003816, -0.009482, -0.009482, 0.009482 ],
 [ -0.002232, -0.001749, 0.01514, 0.0138, -0.0001158, -0.001161, -0.001161, 0.001161 ],
 [ -1.325e-05, 0.0003477, 0.003816, -0.0001158, 0.005579, 0.0004535, 0.0004535, -0.0004535 ],
 [ -8.387e-05, -0.002235, -0.009482, -0.001161, 0.0004535, 0.003674, 0.003674, -0.003674 ],
 [ -8.387e-05, -0.002235, -0.009482, -0.001161, 0.0004535, 0.003674, 0.003674, -0.003674 ],
 [ 8.387e-05, 0.002235, 0.009482, 0.001161, -0.0004535, -0.003674, -0.003674, 0.003674 ]
    ], [
  [ 0.008854, 0.01042, -0.000886, -0.001812, 1.321e-05, -0.0002338, -0.0002338, 0.0002338 ],
 [ 0.01042, 0.01336, 0.01054, -0.001596, 0.001496, -0.002415, -0.002415, 0.002415 ],
 [ -0.000886, 0.01054, 0.07529, 0.01271, 0.01068, -0.01109, -0.01109, 0.01109 ],
 [ -0.001812, -0.001596, 0.01271, 0.01173, 7.333e-05, -0.0009245, -0.0009245, 0.0009245 ],
 [ 1.321e-05, 0.001496, 0.01068, 7.333e-05, 0.01759, 0.0001981, 0.0001981, -0.0001981 ],
 [ -0.0002338, -0.002415, -0.01109, -0.0009245, 0.0001981, 0.003674, 0.003674, -0.003674 ],
 [ -0.0002338, -0.002415, -0.01109, -0.0009245, 0.0001981, 0.003674, 0.003674, -0.003674 ],
 [ 0.0002338, 0.002415, 0.01109, 0.0009245, -0.0001981, -0.003674, -0.003674, 0.003674 ]
    ], [
  [ 0.008843, 0.01023, -0.001179, -0.001624, -0.001224, -0.0002764, -0.0002764, 0.0002764 ],
 [ 0.01023, 0.01398, 0.014, 0.0001897, 0.001621, -0.002549, -0.002549, 0.002549 ],
 [ -0.001179, 0.014, 0.1299, 0.01042, 0.02233, -0.014, -0.014, 0.014 ],
 [ -0.001624, 0.0001897, 0.01042, 0.01046, -0.00124, -0.0005138, -0.0005138, 0.0005138 ],
 [ -0.001224, 0.001621, 0.02233, -0.00124, 0.04889, 0.0003783, 0.0003783, -0.0003783 ],
 [ -0.0002764, -0.002549, -0.014, -0.0005138, 0.0003783, 0.003674, 0.003674, -0.003674 ],
 [ -0.0002764, -0.002549, -0.014, -0.0005138, 0.0003783, 0.003674, 0.003674, -0.003674 ],
 [ 0.0002764, 0.002549, 0.014, 0.0005138, -0.0003783, -0.003674, -0.003674, 0.003674 ]
    ], [
  [ 0.008925, 0.01026, 0.001863, -0.001278, 0.001469, -0.0001389, -0.0001389, 0.0001389 ],
 [ 0.01026, 0.01413, 0.02645, -0.003921, 0.006004, -0.002564, -0.002564, 0.002564 ],
 [ 0.001863, 0.02645, 0.2066, 0.009594, 0.02745, -0.01577, -0.01577, 0.01577 ],
 [ -0.001278, -0.003921, 0.009594, 0.00903, 0.003747, -0.0005759, -0.0005759, 0.0005759 ],
 [ 0.001469, 0.006004, 0.02745, 0.003747, 0.09532, 0.0006884, 0.0006884, -0.0006884 ],
 [ -0.0001389, -0.002564, -0.01577, -0.0005759, 0.0006884, 0.003674, 0.003674, -0.003674 ],
 [ -0.0001389, -0.002564, -0.01577, -0.0005759, 0.0006884, 0.003674, 0.003674, -0.003674 ],
 [ 0.0001389, 0.002564, 0.01577, 0.0005759, -0.0006884, -0.003674, -0.003674, 0.003674 ]
    ], [
  [ 0.008618, 0.01011, -0.005551, -0.001239, -0.003479, -0.0002443, -0.0002443, 0.0002443 ],
 [ 0.01011, 0.01443, 0.01489, -0.001028, -0.0008051, -0.002354, -0.002354, 0.002354 ],
 [ -0.005551, 0.01489, 0.3919, 0.01157, 0.04216, -0.01811, -0.01811, 0.01811 ],
 [ -0.001239, -0.001028, 0.01157, 0.008436, -0.0063, -0.0005529, -0.0005529, 0.0005529 ],
 [ -0.003479, -0.0008051, 0.04216, -0.0063, 0.2629, 0.002024, 0.002024, -0.002024 ],
 [ -0.0002443, -0.002354, -0.01811, -0.0005529, 0.002024, 0.003674, 0.003674, -0.003674 ],
 [ -0.0002443, -0.002354, -0.01811, -0.0005529, 0.002024, 0.003674, 0.003674, -0.003674 ],
 [ 0.0002443, 0.002354, 0.01811, 0.0005529, -0.002024, -0.003674, -0.003674, 0.003674 ]
    ], [
  [ 0.008713, 0.009829, -0.02522, -0.001171, 0.02132, -0.0002331, -0.0002331, 0.0002331 ],
 [ 0.009829, 0.01796, 0.05328, -0.001224, 0.06231, -0.002347, -0.002347, 0.002347 ],
 [ -0.02522, 0.05328, 2.532, -0.005575, 0.155, -0.02696, -0.02696, 0.02696 ],
 [ -0.001171, -0.001224, -0.005575, 0.007163, 0.02375, -0.0003853, -0.0003853, 0.0003853 ],
 [ 0.02132, 0.06231, 0.155, 0.02375, 2.809, 0.006047, 0.006047, -0.006047 ],
 [ -0.0002331, -0.002347, -0.02696, -0.0003853, 0.006047, 0.003674, 0.003674, -0.003674 ],
 [ -0.0002331, -0.002347, -0.02696, -0.0003853, 0.006047, 0.003674, 0.003674, -0.003674 ],
 [ 0.0002331, 0.002347, 0.02696, 0.0003853, -0.006047, -0.003674, -0.003674, 0.003674 ]
    ]
  ],
  "lambda_gen": 1000.0
}