{
  "params": [ "cpdc", "cpWB", "cpq3i", "cpqMi", "cpu", "cpd", "cWWW", "c3pl1", "c3pl2", "cll" ],

  "constant": [ 1.0, 1.0, 1.0, 1.0, 1.0, 1.0, 1.0, 1.0, 1.0, 1.0, 1.0, 1.0, 1.0, 1.0 ],

  "linear": [
  [ 6.751e-05, 0.001379, 0.2371, 0.002475, 0.00262, -0.001241, -0.009777, -0.1212, -0.1212, 0.1212 ],
 [ -0.0005493, 0.001005, 0.2529, 0.005985, 0.003651, -0.001592, -0.007001, -0.1212, -0.1212, 0.1212 ],
 [ -0.001709, 0.0001186, 0.271, 0.007004, 0.005834, -0.002507, -0.004253, -0.1212, -0.1212, 0.1212 ],
 [ -0.00271, -0.0007047, 0.2915, 0.00658, 0.009009, -0.003873, -7.986e-05, -0.1212, -0.1212, 0.1212 ],
 [ -0.003421, -0.001097, 0.3093, 0.005063, 0.01254, -0.005444, 0.00471, -0.1212, -0.1212, 0.1212 ],
 [ -0.003934, -0.001171, 0.3291, 0.005257, 0.01668, -0.006974, 0.009394, -0.1212, -0.1212, 0.1212 ],
 [ -0.004231, -0.001164, 0.3502, 0.005308, 0.02115, -0.008478, 0.01412, -0.1212, -0.1212, 0.1212 ],
 [ -0.004425, -0.0008891, 0.3761, 0.007061, 0.02617, -0.01021, 0.01767, -0.1212, -0.1212, 0.1212 ],
 [ -0.004553, -0.000374, 0.4162, 0.01091, 0.03328, -0.01279, 0.02331, -0.1212, -0.1212, 0.1212 ],
 [ -0.004653, 0.0002991, 0.4781, 0.01626, 0.04466, -0.01666, 0.03151, -0.1212, -0.1212, 0.1212 ],
 [ -0.004624, 0.0008385, 0.5444, 0.03171, 0.05723, -0.02067, 0.03954, -0.1212, -0.1212, 0.1212 ],
 [ -0.004544, 0.001724, 0.668, 0.05695, 0.07933, -0.0269, 0.05112, -0.1212, -0.1212, 0.1212 ],
 [ -0.004189, 0.00316, 0.9202, 0.1098, 0.1213, -0.03825, 0.04246, -0.1212, -0.1212, 0.1212 ],
 [ -0.003613, 0.003999, 1.681, 0.3343, 0.246, -0.07232, 0.08031, -0.1212, -0.1212, 0.1212 ]
  ],
  "quadratic": [
  [ [ 3.28e-05, -5.1e-06, -0.0002192, -9.542e-05, -0.0001181, -1.614e-05, -4.942e-05, -2.046e-06, -2.046e-06, 2.046e-06 ],
 [ -5.1e-06, 0.0001251, -9.94e-05, 0.0001194, 0.0003194, -0.0001979, -0.0001111, -4.18e-05, -4.18e-05, 4.18e-05 ],
 [ -0.0002192, -9.94e-05, 0.02045, 0.003542, 5.364e-05, -1.217e-05, 0.0001421, -0.007187, -0.007187, 0.007187 ],
 [ -9.542e-05, 0.0001194, 0.003542, 0.003352, -7.491e-06, -6.906e-05, -1.214e-05, -7.502e-05, -7.502e-05, 7.502e-05 ],
 [ -0.0001181, 0.0003194, 5.364e-05, -7.491e-06, 0.001712, -6.021e-05, 1.082e-05, -7.942e-05, -7.942e-05, 7.942e-05 ],
 [ -1.614e-05, -0.0001979, -1.217e-05, -6.906e-05, -6.021e-05, 0.001694, -3.904e-05, 3.762e-05, 3.762e-05, -3.762e-05 ],
 [ -4.942e-05, -0.0001111, 0.0001421, -1.214e-05, 1.082e-05, -3.904e-05, 0.000954, 0.0002964, 0.0002964, -0.0002964 ],
 [ -2.046e-06, -4.18e-05, -0.007187, -7.502e-05, -7.942e-05, 3.762e-05, 0.0002964, 0.003674, 0.003674, -0.003674 ],
 [ -2.046e-06, -4.18e-05, -0.007187, -7.502e-05, -7.942e-05, 3.762e-05, 0.0002964, 0.003674, 0.003674, -0.003674 ],
 [ 2.046e-06, 4.18e-05, 0.007187, 7.502e-05, 7.942e-05, -3.762e-05, -0.0002964, -0.003674, -0.003674, 0.003674 ]
    ], [
  [ 4.022e-05, -1.824e-06, -0.0002572, -0.0001386, -0.0001872, 6.933e-05, -4.912e-05, 1.665e-05, 1.665e-05, -1.665e-05 ],
 [ -1.824e-06, 0.0001504, -0.0001174, 0.0001153, 0.0003317, -0.0001425, -0.0001165, -3.046e-05, -3.046e-05, 3.046e-05 ],
 [ -0.0002572, -0.0001174, 0.02497, 0.005288, -1.002e-05, 2.832e-05, 0.0001824, -0.007666, -0.007666, 0.007666 ],
 [ -0.0001386, 0.0001153, 0.005288, 0.004682, -2.664e-05, -3.457e-05, -3.782e-05, -0.0001814, -0.0001814, 0.0001814 ],
 [ -0.0001872, 0.0003317, -1.002e-05, -2.664e-05, 0.002503, -1.946e-05, -4.377e-05, -0.0001107, -0.0001107, 0.0001107 ],
 [ 6.933e-05, -0.0001425, 2.832e-05, -3.457e-05, -1.946e-05, 0.002143, 3.199e-05, 4.826e-05, 4.826e-05, -4.826e-05 ],
 [ -4.912e-05, -0.0001165, 0.0001824, -3.782e-05, -4.377e-05, 3.199e-05, 0.001508, 0.0002122, 0.0002122, -0.0002122 ],
 [ 1.665e-05, -3.046e-05, -0.007666, -0.0001814, -0.0001107, 4.826e-05, 0.0002122, 0.003674, 0.003674, -0.003674 ],
 [ 1.665e-05, -3.046e-05, -0.007666, -0.0001814, -0.0001107, 4.826e-05, 0.0002122, 0.003674, 0.003674, -0.003674 ],
 [ -1.665e-05, 3.046e-05, 0.007666, 0.0001814, 0.0001107, -4.826e-05, -0.0002122, -0.003674, -0.003674, 0.003674 ]
    ], [
  [ 5.743e-05, -1.05e-05, -0.0005563, -0.0001743, -0.0003264, 0.0001748, -7.057e-05, 5.18e-05, 5.18e-05, -5.18e-05 ],
 [ -1.05e-05, 0.0002522, -0.0003406, 0.0001933, 0.00054, -0.0002043, -0.0001512, -3.595e-06, -3.595e-06, 3.595e-06 ],
 [ -0.0005563, -0.0003406, 0.03513, 0.00922, 4.842e-05, -1.265e-05, 0.0005499, -0.008215, -0.008215, 0.008215 ],
 [ -0.0001743, 0.0001933, 0.00922, 0.008495, -2.891e-05, 1.555e-05, -6.612e-06, -0.0002123, -0.0002123, 0.0002123 ],
 [ -0.0003264, 0.00054, 4.842e-05, -2.891e-05, 0.004649, -9.497e-05, -0.0001061, -0.0001768, -0.0001768, 0.0001768 ],
 [ 0.0001748, -0.0002043, -1.265e-05, 1.555e-05, -9.497e-05, 0.003873, 4.629e-05, 7.599e-05, 7.599e-05, -7.599e-05 ],
 [ -7.057e-05, -0.0001512, 0.0005499, -6.612e-06, -0.0001061, 4.629e-05, 0.003331, 0.0001289, 0.0001289, -0.0001289 ],
 [ 5.18e-05, -3.595e-06, -0.008215, -0.0002123, -0.0001768, 7.599e-05, 0.0001289, 0.003674, 0.003674, -0.003674 ],
 [ 5.18e-05, -3.595e-06, -0.008215, -0.0002123, -0.0001768, 7.599e-05, 0.0001289, 0.003674, 0.003674, -0.003674 ],
 [ -5.18e-05, 3.595e-06, 0.008215, 0.0002123, 0.0001768, -7.599e-05, -0.0001289, -0.003674, -0.003674, 0.003674 ]
    ], [
  [ 7.62e-05, -2.497e-05, -0.001027, -0.0002563, -0.0004112, 8.944e-05, -9.277e-05, 8.215e-05, 8.215e-05, -8.215e-05 ],
 [ -2.497e-05, 0.0004312, -0.000507, 0.0003846, 0.001029, -0.0004536, -0.0002208, 2.136e-05, 2.136e-05, -2.136e-05 ],
 [ -0.001027, -0.000507, 0.05227, 0.01674, -5.763e-05, -0.0001427, 0.001646, -0.008836, -0.008836, 0.008836 ],
 [ -0.0002563, 0.0003846, 0.01674, 0.01541, -0.0001075, -3.933e-06, 5.235e-05, -0.0001995, -0.0001995, 0.0001995 ],
 [ -0.0004112, 0.001029, -5.763e-05, -0.0001075, 0.008414, -5.45e-05, -3.298e-05, -0.0002731, -0.0002731, 0.0002731 ],
 [ 8.944e-05, -0.0004536, -0.0001427, -3.933e-06, -5.45e-05, 0.007123, 3.526e-05, 0.0001174, 0.0001174, -0.0001174 ],
 [ -9.277e-05, -0.0002208, 0.001646, 5.235e-05, -3.298e-05, 3.526e-05, 0.007112, 2.421e-06, 2.421e-06, -2.421e-06 ],
 [ 8.215e-05, 2.136e-05, -0.008836, -0.0001995, -0.0002731, 0.0001174, 2.421e-06, 0.003674, 0.003674, -0.003674 ],
 [ 8.215e-05, 2.136e-05, -0.008836, -0.0001995, -0.0002731, 0.0001174, 2.421e-06, 0.003674, 0.003674, -0.003674 ],
 [ -8.215e-05, -2.136e-05, 0.008836, 0.0001995, 0.0002731, -0.0001174, -2.421e-06, -0.003674, -0.003674, 0.003674 ]
    ], [
  [ 9.061e-05, -5.088e-05, -0.001243, -0.0004761, -0.0005187, 0.0001454, -0.0001449, 0.0001037, 0.0001037, -0.0001037 ],
 [ -5.088e-05, 0.0006741, -0.0008065, 0.0006426, 0.001601, -0.0007449, -0.0003682, 3.325e-05, 3.325e-05, -3.325e-05 ],
 [ -0.001243, -0.0008065, 0.07645, 0.0294, 0.0001651, 0.0003153, 0.003792, -0.009376, -0.009376, 0.009376 ],
 [ -0.0004761, 0.0006426, 0.0294, 0.02578, -3.174e-05, -0.0001407, 0.0002412, -0.0001535, -0.0001535, 0.0001535 ],
 [ -0.0005187, 0.001601, 0.0001651, -3.174e-05, 0.01414, 0.0001117, 2.516e-05, -0.0003801, -0.0003801, 0.0003801 ],
 [ 0.0001454, -0.0007449, 0.0003153, -0.0001407, 0.0001117, 0.01173, -9.473e-05, 0.000165, 0.000165, -0.000165 ],
 [ -0.0001449, -0.0003682, 0.003792, 0.0002412, 2.516e-05, -9.473e-05, 0.01369, -0.0001428, -0.0001428, 0.0001428 ],
 [ 0.0001037, 3.325e-05, -0.009376, -0.0001535, -0.0003801, 0.000165, -0.0001428, 0.003674, 0.003674, -0.003674 ],
 [ 0.0001037, 3.325e-05, -0.009376, -0.0001535, -0.0003801, 0.000165, -0.0001428, 0.003674, 0.003674, -0.003674 ],
 [ -0.0001037, -3.325e-05, 0.009376, 0.0001535, 0.0003801, -0.000165, 0.0001428, -0.003674, -0.003674, 0.003674 ]
    ], [
  [ 0.0001025, -8.467e-05, -0.001901, -0.0006116, -0.0009019, 0.000417, -0.0001942, 0.0001192, 0.0001192, -0.0001192 ],
 [ -8.467e-05, 0.001012, -0.0006833, 0.001125, 0.002583, -0.0009374, -0.0004587, 3.55e-05, 3.55e-05, -3.55e-05 ],
 [ -0.001901, -0.0006833, 0.111, 0.0446, 0.0001399, -1.273e-05, 0.005841, -0.009976, -0.009976, 0.009976 ],
 [ -0.0006116, 0.001125, 0.0446, 0.04019, 7.064e-05, 2.161e-05, 0.0002696, -0.0001594, -0.0001594, 0.0001594 ],
 [ -0.0009019, 0.002583, 0.0001399, 7.064e-05, 0.02236, -0.0001411, -7.263e-05, -0.0005056, -0.0005056, 0.0005056 ],
 [ 0.000417, -0.0009374, -1.273e-05, 2.161e-05, -0.0001411, 0.01795, -0.000106, 0.0002114, 0.0002114, -0.0002114 ],
 [ -0.0001942, -0.0004587, 0.005841, 0.0002696, -7.263e-05, -0.000106, 0.02408, -0.0002848, -0.0002848, 0.0002848 ],
 [ 0.0001192, 3.55e-05, -0.009976, -0.0001594, -0.0005056, 0.0002114, -0.0002848, 0.003674, 0.003674, -0.003674 ],
 [ 0.0001192, 3.55e-05, -0.009976, -0.0001594, -0.0005056, 0.0002114, -0.0002848, 0.003674, 0.003674, -0.003674 ],
 [ -0.0001192, -3.55e-05, 0.009976, 0.0001594, 0.0005056, -0.0002114, 0.0002848, -0.003674, -0.003674, 0.003674 ]
    ], [
  [ 0.0001094, -9.079e-05, -0.001901, -0.0005281, -0.001329, 0.0007201, -0.0003087, 0.0001283, 0.0001283, -0.0001283 ],
 [ -9.079e-05, 0.001383, -0.0005511, 0.001028, 0.003264, -0.0009731, -0.0006905, 3.528e-05, 3.528e-05, -3.528e-05 ],
 [ -0.001901, -0.0005511, 0.1573, 0.06725, -5.66e-05, -0.0001358, 0.00881, -0.01062, -0.01062, 0.01062 ],
 [ -0.0005281, 0.001028, 0.06725, 0.05984, 7.041e-05, 0.0002161, 0.0002675, -0.0001609, -0.0001609, 0.0001609 ],
 [ -0.001329, 0.003264, -5.66e-05, 7.041e-05, 0.03388, 0.0007482, -0.0002844, -0.0006411, -0.0006411, 0.0006411 ],
 [ 0.0007201, -0.0009731, -0.0001358, 0.0002161, 0.0007482, 0.02573, 1.327e-05, 0.000257, 0.000257, -0.000257 ],
 [ -0.0003087, -0.0006905, 0.00881, 0.0002675, -0.0002844, 1.327e-05, 0.0397, -0.000428, -0.000428, 0.000428 ],
 [ 0.0001283, 3.528e-05, -0.01062, -0.0001609, -0.0006411, 0.000257, -0.000428, 0.003674, 0.003674, -0.003674 ],
 [ 0.0001283, 3.528e-05, -0.01062, -0.0001609, -0.0006411, 0.000257, -0.000428, 0.003674, 0.003674, -0.003674 ],
 [ -0.0001283, -3.528e-05, 0.01062, 0.0001609, 0.0006411, -0.000257, 0.000428, -0.003674, -0.003674, 0.003674 ]
    ], [
  [ 0.0001121, -0.0001364, -0.003331, -0.0003898, -0.001251, 0.0008818, 2.175e-05, 0.0001341, 0.0001341, -0.0001341 ],
 [ -0.0001364, 0.001883, -0.0006983, 0.001499, 0.004758, -0.002233, -0.0002281, 2.695e-05, 2.695e-05, -2.695e-05 ],
 [ -0.003331, -0.0006983, 0.218, 0.09842, 0.0001127, -2.948e-05, 0.01351, -0.0114, -0.0114, 0.0114 ],
 [ -0.0003898, 0.001499, 0.09842, 0.08593, -0.0005431, -0.0002485, 0.0008932, -0.000214, -0.000214, 0.000214 ],
 [ -0.001251, 0.004758, 0.0001127, -0.0005431, 0.04906, -5.719e-05, -0.0005975, -0.0007933, -0.0007933, 0.0007933 ],
 [ 0.0008818, -0.002233, -2.948e-05, -0.0002485, -5.719e-05, 0.0365, 0.0003492, 0.0003095, 0.0003095, -0.0003095 ],
 [ 2.175e-05, -0.0002281, 0.01351, 0.0008932, -0.0005975, 0.0003492, 0.06148, -0.0005356, -0.0005356, 0.0005356 ],
 [ 0.0001341, 2.695e-05, -0.0114, -0.000214, -0.0007933, 0.0003095, -0.0005356, 0.003674, 0.003674, -0.003674 ],
 [ 0.0001341, 2.695e-05, -0.0114, -0.000214, -0.0007933, 0.0003095, -0.0005356, 0.003674, 0.003674, -0.003674 ],
 [ -0.0001341, -2.695e-05, 0.0114, 0.000214, 0.0007933, -0.0003095, 0.0005356, -0.003674, -0.003674, 0.003674 ]
    ], [
  [ 0.0001159, -0.0001786, -0.002582, -0.001529, -0.002174, 0.001771, -0.0001604, 0.000138, 0.000138, -0.000138 ],
 [ -0.0001786, 0.002671, -0.0006598, 0.002744, 0.005998, -0.002098, -0.0002167, 1.134e-05, 1.134e-05, -1.134e-05 ],
 [ -0.002582, -0.0006598, 0.3384, 0.1542, -0.0004619, -2.082e-06, 0.01762, -0.01262, -0.01262, 0.01262 ],
 [ -0.001529, 0.002744, 0.1542, 0.1358, -0.0007853, 0.0006907, 0.003033, -0.0003307, -0.0003307, 0.0003307 ],
 [ -0.002174, 0.005998, -0.0004619, -0.0007853, 0.07897, 0.0005741, -3.728e-05, -0.001009, -0.001009, 0.001009 ],
 [ 0.001771, -0.002098, -2.082e-06, 0.0006907, 0.0005741, 0.0564, 0.001566, 0.0003877, 0.0003877, -0.0003877 ],
 [ -0.0001604, -0.0002167, 0.01762, 0.003033, -3.728e-05, 0.001566, 0.1093, -0.0007066, -0.0007066, 0.0007066 ],
 [ 0.000138, 1.134e-05, -0.01262, -0.0003307, -0.001009, 0.0003877, -0.0007066, 0.003674, 0.003674, -0.003674 ],
 [ 0.000138, 1.134e-05, -0.01262, -0.0003307, -0.001009, 0.0003877, -0.0007066, 0.003674, 0.003674, -0.003674 ],
 [ -0.000138, -1.134e-05, 0.01262, 0.0003307, 0.001009, -0.0003877, 0.0007066, -0.003674, -0.003674, 0.003674 ]
    ], [
  [ 0.0001185, -0.0002473, -0.003441, -0.001367, 0.0001228, 0.002126, -0.0004086, 0.000141, 0.000141, -0.000141 ],
 [ -0.0002473, 0.004125, 0.001319, 0.003512, 0.01301, -0.004292, -0.001155, -9.066e-06, -9.066e-06, 9.066e-06 ],
 [ -0.003441, 0.001319, 0.5806, 0.2755, -0.0002439, 0.0004563, 0.03003, -0.01449, -0.01449, 0.01449 ],
 [ -0.001367, 0.003512, 0.2755, 0.2347, 0.00171, 0.001757, 0.003379, -0.0004929, -0.0004929, 0.0004929 ],
 [ 0.0001228, 0.01301, -0.0002439, 0.00171, 0.1367, -0.0006084, -0.001947, -0.001354, -0.001354, 0.001354 ],
 [ 0.002126, -0.004292, 0.0004563, 0.001757, -0.0006084, 0.09785, 0.001131, 0.000505, 0.000505, -0.000505 ],
 [ -0.0004086, -0.001155, 0.03003, 0.003379, -0.001947, 0.001131, 0.2154, -0.0009551, -0.0009551, 0.0009551 ],
 [ 0.000141, -9.066e-06, -0.01449, -0.0004929, -0.001354, 0.000505, -0.0009551, 0.003674, 0.003674, -0.003674 ],
 [ 0.000141, -9.066e-06, -0.01449, -0.0004929, -0.001354, 0.000505, -0.0009551, 0.003674, 0.003674, -0.003674 ],
 [ -0.000141, 9.066e-06, 0.01449, 0.0004929, 0.001354, -0.000505, 0.0009551, -0.003674, -0.003674, 0.003674 ]
    ], [
  [ 0.0001165, -0.0001785, -0.005344, 0.0002645, -0.002809, 0.000217, -0.0005604, 0.0001402, 0.0001402, -0.0001402 ],
 [ -0.0001785, 0.005744, 0.0008715, 0.007672, 0.01403, -0.003693, -0.002492, -2.542e-05, -2.542e-05, 2.542e-05 ],
 [ -0.005344, 0.0008715, 0.9569, 0.4618, 0.001634, 0.0003052, 0.03931, -0.0165, -0.0165, 0.0165 ],
 [ 0.0002645, 0.007672, 0.4618, 0.3854, 0.001082, 0.005094, 0.002275, -0.0009612, -0.0009612, 0.0009612 ],
 [ -0.002809, 0.01403, 0.001634, 0.001082, 0.231, 0.002122, -0.001372, -0.001735, -0.001735, 0.001735 ],
 [ 0.000217, -0.003693, 0.0003052, 0.005094, 0.002122, 0.1566, 0.0002268, 0.0006266, 0.0006266, -0.0006266 ],
 [ -0.0005604, -0.002492, 0.03931, 0.002275, -0.001372, 0.0002268, 0.3991, -0.001199, -0.001199, 0.001199 ],
 [ 0.0001402, -2.542e-05, -0.0165, -0.0009612, -0.001735, 0.0006266, -0.001199, 0.003674, 0.003674, -0.003674 ],
 [ 0.0001402, -2.542e-05, -0.0165, -0.0009612, -0.001735, 0.0006266, -0.001199, 0.003674, 0.003674, -0.003674 ],
 [ -0.0001402, 2.542e-05, 0.0165, 0.0009612, 0.001735, -0.0006266, 0.001199, -0.003674, -0.003674, 0.003674 ]
    ], [
  [ 0.000113, -0.0005779, -0.002735, -0.002579, -0.005045, 0.00504, -0.002917, 0.0001377, 0.0001377, -0.0001377 ],
 [ -0.0005779, 0.009316, 0.001115, 0.007996, 0.02303, -0.009682, -0.003, -5.226e-05, -5.226e-05, 5.226e-05 ],
 [ -0.002735, 0.001115, 1.831, 0.8964, 0.001521, 0.01019, 0.06319, -0.02025, -0.02025, 0.02025 ],
 [ -0.002579, 0.007996, 0.8964, 0.7409, -0.003804, 0.000448, 0.004021, -0.001726, -0.001726, 0.001726 ],
 [ -0.005045, 0.02303, 0.001521, -0.003804, 0.4525, -0.001398, -0.008601, -0.002405, -0.002405, 0.002405 ],
 [ 0.00504, -0.009682, 0.01019, 0.000448, -0.001398, 0.2908, -0.001145, 0.0008154, 0.0008154, -0.0008154 ],
 [ -0.002917, -0.003, 0.06319, 0.004021, -0.008601, -0.001145, 0.8712, -0.00155, -0.00155, 0.00155 ],
 [ 0.0001377, -5.226e-05, -0.02025, -0.001726, -0.002405, 0.0008154, -0.00155, 0.003674, 0.003674, -0.003674 ],
 [ 0.0001377, -5.226e-05, -0.02025, -0.001726, -0.002405, 0.0008154, -0.00155, 0.003674, 0.003674, -0.003674 ],
 [ -0.0001377, 5.226e-05, 0.02025, 0.001726, 0.002405, -0.0008154, 0.00155, -0.003674, -0.003674, 0.003674 ]
    ], [
  [ 0.0001036, -0.0003076, -0.01454, -0.01056, -0.005404, 0.01131, -0.005234, 0.000127, 0.000127, -0.000127 ],
 [ -0.0003076, 0.01556, 0.01468, 0.01162, 0.03568, -0.01142, 0.005771, -9.579e-05, -9.579e-05, 9.579e-05 ],
 [ -0.01454, 0.01468, 4.482, 2.254, 0.008543, 0.01359, 0.1115, -0.02789, -0.02789, 0.02789 ],
 [ -0.01056, 0.01162, 2.254, 1.796, 0.005509, -0.003724, 0.01226, -0.003328, -0.003328, 0.003328 ],
 [ -0.005404, 0.03568, 0.008543, 0.005509, 1.104, 0.01557, -0.01072, -0.003677, -0.003677, 0.003677 ],
 [ 0.01131, -0.01142, 0.01359, -0.003724, 0.01557, 0.6707, 0.007254, 0.001159, 0.001159, -0.001159 ],
 [ -0.005234, 0.005771, 0.1115, 0.01226, -0.01072, 0.007254, 2.472, -0.001287, -0.001287, 0.001287 ],
 [ 0.000127, -9.579e-05, -0.02789, -0.003328, -0.003677, 0.001159, -0.001287, 0.003674, 0.003674, -0.003674 ],
 [ 0.000127, -9.579e-05, -0.02789, -0.003328, -0.003677, 0.001159, -0.001287, 0.003674, 0.003674, -0.003674 ],
 [ -0.000127, 9.579e-05, 0.02789, 0.003328, 0.003677, -0.001159, 0.001287, -0.003674, -0.003674, 0.003674 ]
    ], [
  [ 8.762e-05, -0.0009844, -0.03762, -0.03882, -0.02112, -0.06204, -0.02369, 0.0001095, 0.0001095, -0.0001095 ],
 [ -0.0009844, 0.03834, -0.06161, 0.03242, 0.1036, -0.06547, 0.005798, -0.0001212, -0.0001212, 0.0001212 ],
 [ -0.03762, -0.06161, 26.41, 13.03, -0.04255, -0.1234, 0.2697, -0.05095, -0.05095, 0.05095 ],
 [ -0.03882, 0.03242, 13.03, 10.08, -0.01, -0.07289, -0.02707, -0.01013, -0.01013, 0.01013 ],
 [ -0.02112, 0.1036, -0.04255, -0.01, 6.518, -0.03129, 0.01324, -0.007457, -0.007457, 0.007457 ],
 [ -0.06204, -0.06547, -0.1234, -0.07289, -0.03129, 3.55, -0.02134, 0.002192, 0.002192, -0.002192 ],
 [ -0.02369, 0.005798, 0.2697, -0.02707, 0.01324, -0.02134, 19.49, -0.002434, -0.002434, 0.002434 ],
 [ 0.0001095, -0.0001212, -0.05095, -0.01013, -0.007457, 0.002192, -0.002434, 0.003674, 0.003674, -0.003674 ],
 [ 0.0001095, -0.0001212, -0.05095, -0.01013, -0.007457, 0.002192, -0.002434, 0.003674, 0.003674, -0.003674 ],
 [ -0.0001095, 0.0001212, 0.05095, 0.01013, 0.007457, -0.002192, 0.002434, -0.003674, -0.003674, 0.003674 ]
    ]
  ],
  "lambda_gen": 1000.0
}