{
  "name": "LEP_eeWW_199.6",
  "doc": "",
  "params": ["cpdc", "cpWB", "cWWW", "cpl1", "c3pl1", "c3pl2", "cpe", "cll"],

  "constant":  19.422 ,
  "linear": [ -0.08529, 0.03947, 0.05902, -0.2869, 2.546, -2.358, -0.2385, 2.358],
  "quadratic": [
  [ 0.004104, -0.0023605, -0.004291, 0.012625, -0.010525, 0.002337, 0.01256, -0.0025265 ],
  [ -0.0023605, 0.005627, 0.0007175, 0.001552, -0.003032, -0.001226, -0.01619, 0.001195 ],
  [ -0.004291, 0.0007175, 0.03608, -0.02954, 0.026415, -0.001551, 0.0028965, 0.0016925 ],
  [ 0.012625, 0.001552, -0.02954, 0.07785, -0.07205, 0.0088, -6.615e-05, -0.008615 ],
  [ -0.010525, -0.003032, 0.026415, -0.07205, 0.1372, -0.0772, 0.007055, 0.07705 ],
  [ 0.002337, -0.001226, -0.001551, 0.0088, -0.0772, 0.07145, 0.007265, -0.0714 ],
  [ 0.01256, -0.01619, 0.0028965, -6.615e-05, 0.007055, 0.007265, 0.07789, -0.007315 ],
  [ -0.0025265, 0.001195, 0.0016925, -0.008615, 0.07705, -0.0714, -0.007315, 0.07142 ]
  ],
  "lambda_gen": 1000
}
