{
  "name": "LEP_eeWW_204.8",
  "doc": "",
  "params": ["cpdc", "cpWB", "cWWW", "cpl1", "c3pl1", "c3pl2", "cpe", "cll"],

  "constant": 19.278 ,
  "linear": [ -0.08861, 0.04636, 0.06818, -0.3211, 2.555, -2.338, -0.254, 2.341],
  "quadratic": [
  [ 0.004155, -0.0027345, -0.004597, 0.013425, -0.01146, 0.0026995, 0.01342, -0.002691 ],
  [ -0.0027345, 0.006631, 0.001304, 0.0009385, -0.002556, -0.0014155, -0.01866, 0.001427 ],
  [ -0.004597, 0.001304, 0.04215, -0.032965, 0.029675, -0.002027, 0.003154, 0.002116 ],
  [ 0.013425, 0.0009385, -0.032965, 0.08732, -0.0816, 0.00977, 7.395e-05, -0.00967 ],
  [ -0.01146, -0.002556, 0.029675, -0.0816, 0.1461, -0.0775, 0.0079, 0.0771 ],
  [ 0.0026995, -0.0014155, -0.002027, 0.00977, -0.0775, 0.07084, 0.007725, -0.07085 ],
  [ 0.01342, -0.01866, 0.003154, 7.395e-05, 0.0079, 0.007725, 0.08734, -0.00765 ],
  [ -0.002691, 0.001427, 0.002116, -0.00967, 0.0771, -0.07085, -0.00765, 0.07082 ]
  ],
  "lambda_gen": 1000
}
