{
  "name": "LEP_eeWW_188.6",
  "doc": "",
  "params": ["cpdc", "cpWB", "cWWW", "cpl1", "c3pl1", "c3pl2", "cpe", "cll"],

  "constant":  19.374 ,
  "linear": [ -0.07272, 0.02399, 0.03926, -0.2074, 2.473, -2.347, -0.1925, 2.346],
  "quadratic": [
  [ 0.003709, -0.001485, -0.0034235, 0.010205, -0.00816, 0.0022115, 0.010195, -0.002219 ],
  [ -0.001485, 0.003623, -0.0002696, 0.002513, -0.003468, -0.0007045, -0.01069, 0.00074 ],
  [ -0.0034235, -0.0002696, 0.02373, -0.021345, 0.01859, -0.001167, 0.0024715, 0.0011435 ],
  [ 0.010205, 0.002513, -0.021345, 0.05611, -0.05075, 0.006335, -4.9955e-05, -0.006365 ],
  [ -0.00816, -0.003468, 0.01859, -0.05075, 0.1163, -0.0749, 0.005905, 0.07495 ],
  [ 0.0022115, -0.0007045, -0.001167, 0.006335, -0.0749, 0.07107, 0.005795, -0.0711 ],
  [ 0.010195, -0.01069, 0.0024715, -4.9955e-05, 0.005905, 0.005795, 0.0561, -0.005875 ],
  [ -0.002219, 0.00074, 0.0011435, -0.006365, 0.07495, -0.0711, -0.005875, 0.07117 ]
  ],
  "lambda_gen": 1000
}
