{
  "observable_name": "WW_costheta_206GeV_LEPII",
  "measurement_name": "WW_costheta_206GeV_LEPII",
  "arxiv": "1302.3415 [hep-ex]",
  "CDS": "",
  "reportnumber": "CERN-PH-EP/2013-022",
  "DOI": "",
  "date": "2013/02/14",
  "experiment": "CERN LEP experiment.",
  "description": "Electroweak Measurements in Electron-Positron Collisions at W-Boson-Pair Energies at LEP",
  "value": [0.495, 0.602, 0.653, 1.057, 1.24, 1.707, 2.294, 2.797, 4.481, 7.584],
  "uncertainty": {
    "stat": [0.057, 0.065, 0.068, 0.091, 0.09, 0.111, 0.137, 0.136, 0.175, 0.244],
    "syst": [0.012, 0.013, 0.015, 0.021, 0.022, 0.03, 0.033, 0.045, 0.064, 0.096]
  },
  "uncertainty_sigma": 1,
  "th_flat": true,
  "correlation_matrix":[
    [1.000, 0.04 , 0.044, 0.046, 0.049, 0.054, 0.048, 0.065, 0.071, 0.075],
    [0.04 , 1.000, 0.042, 0.044, 0.047, 0.051, 0.046, 0.062, 0.067, 0.072],
    [0.044, 0.042, 1.000, 0.048, 0.051, 0.056, 0.05 , 0.068, 0.074, 0.079],
    [0.046, 0.044, 0.048, 1.000, 0.053, 0.059, 0.053, 0.071, 0.077, 0.082],
    [0.049, 0.047, 0.051, 0.053, 1.000, 0.062, 0.056, 0.075, 0.082, 0.087],
    [0.054, 0.051, 0.056, 0.059, 0.062, 1.000, 0.061, 0.082, 0.09 , 0.096],
    [0.048, 0.046, 0.05 , 0.053, 0.056, 0.061, 1.000, 0.074, 0.08 , 0.086],
    [0.065, 0.062, 0.068, 0.071, 0.075, 0.082, 0.074, 1.000, 0.108, 0.115],
    [0.071, 0.067, 0.074, 0.077, 0.082, 0.09 , 0.08 , 0.108, 1.000, 0.126],
    [0.075, 0.072, 0.079, 0.082, 0.087, 0.096, 0.086, 0.115, 0.126, 1.000]
  ]
}
