{
"LEP1_EWPOs_2006":{
  "params": [ "cpWB", "cpdc", "cpl1", "cpl2", "cpl3", "c3pl1", "c3pl2", "c3pl3", "cpe", "cpmu", "cpta", "cpqMi", "cpQM", "cpq3i", "cpQ3", "cpu", "cpd", "cll" ],

  "constant": [ 2.4957, 41.489000000000004, 20.758, 20.758, 20.758, 0.01718, 0.01718, 0.01718, 0.1513494851879803, 0.1513494851879803, 0.1513494851879803, 0.1513494851879803, 0.1513494851879803, 0.21586, 0.17223, 0.10615, 0.07583, 0.9351424826952331, 0.6680344273460154 ],

  "linear": [
  [ 0.0679183610258905, -0.0106735976568884, -0.0089646954408128, -0.0089646954408128, -0.0089646954408128, -0.1169161193278419, -0.1169161193278419, 0.0312612475180031, -0.0089646954408128, -0.0089646954408128, -0.0089646954408128, 0.0179293908816256, 0.051374218997411, 0.2054968759896443, 0.1027484379948221, 0.0358587817632513, -0.0268940863224384, 0.1481773668458451 ],
 [ 0.12354920786913828, 0.11535737162974703, 5.891505952263758, 0.3082940882697139, 0.3082940882697139, 4.508143796666293, -1.075068067327759, -1.075068067327759, -4.181350209105151, 0.3082940882697139, 0.3082940882697139, -0.1719725232129074, -0.4927637602084655, -1.971055040833862, -0.985527520416931, -0.3439450464258148, 0.257958784819361, 0.0 ],
 [ 0.3069790751864636, 0.2866250611363628, -2.682904273209957, 0.0, 0.0, -2.682904273209957, 0.0, 0.0, 2.15741156954824, 0.0, 0.0, 0.2136514367184386, 0.6121889902201388, 2.448755960880556, 1.2243779804402777, 0.4273028734368772, -0.3204771550776579, 0.0 ],
 [ 0.3069790751864636, 0.2866250611363628, 0.0, -2.682904273209957, 0.0, 0.0, -2.682904273209957, 0.0, 0.0, 2.15741156954824, 0.0, 0.2136514367184386, 0.6121889902201388, 2.448755960880556, 1.2243779804402777, 0.4273028734368772, -0.3204771550776579, 0.0 ],
 [ 0.3069790751864636, 0.2866250611363628, 0.0, 0.0, -2.682904273209957, 0.0, 0.0, -2.682904273209957, 0.0, 0.0, 2.15741156954824, 0.2136514367184386, 0.6121889902201388, 2.448755960880556, 1.2243779804402777, 0.4273028734368772, -0.3204771550776579, 0.0 ],
 [ 0.0627188996687374, 0.0585603707387478, 0.033586368443655, 0.0, 0.0, 0.033586368443655, 0.0, 0.0, 0.0417671865169217, 0.0, 0.0, 0.0, 0.0, 0.0, 0.0, 0.0, 0.0, 0.0 ],
 [ 0.0627188996687388, 0.0585603707387492, 0.0167931842218275, 0.0167931842218275, 0.0, 0.0167931842218275, 0.0167931842218275, 0.0, 0.0208835932584608, 0.0208835932584608, 0.0, 0.0, 0.0, 0.0, 0.0, 0.0, 0.0, 0.0 ],
 [ 0.0627188996687388, 0.0585603707387492, 0.0167931842218275, 0.0, 0.0167931842218275, 0.0167931842218275, 0.0, 0.0167931842218275, 0.0208835932584608, 0.0, 0.0208835932584608, 0.0, 0.0, 0.0, 0.0, 0.0, 0.0, 0.0 ],
 [ 0.1948377386277237, 0.1819191705881603, 0.1043368444096125, 0.0, 0.0, 0.1043368444096125, 0.0, 0.0, 0.1297507483833545, 0.0, 0.0, 0.0, 0.0, 0.0, 0.0, 0.0, 0.0, 0.0 ],
 [ 0.1948377386277237, 0.1819191705881603, 0.0, 0.1043368444096125, 0.0, 0.0, 0.1043368444096125, 0.0, 0.0, 0.1297507483833545, 0.0, 0.0, 0.0, 0.0, 0.0, 0.0, 0.0, 0.0 ],
 [ 0.1948377386277237, 0.1819191705881603, 0.0, 0.0, 0.1043368444096125, 0.0, 0.0, 0.1043368444096125, 0.0, 0.0, 0.1297507483833545, 0.0, 0.0, 0.0, 0.0, 0.0, 0.0, 0.0 ],
 [ 0.1948377386277237, 0.1819191705881603, 0.0, 0.0, 0.1043368444096125, 0.0, 0.0, 0.1043368444096125, 0.0, 0.0, 0.1297507483833545, 0.0, 0.0, 0.0, 0.0, 0.0, 0.0, 0.0 ],
 [ 0.1948377386277237, 0.1819191705881603, 0.1043368444096125, 0.0, 0.0, 0.1043368444096125, 0.0, 0.0, 0.1297507483833545, 0.0, 0.0, 0.0, 0.0, 0.0, 0.0, 0.0, 0.0, 0.0 ],
 [ -0.0011419534536484, -0.0010662370986297, 0.0, 0.0, 0.0, 0.0, 0.0, 0.0, 0.0, 0.0, 0.0, -0.0023204703212419, 0.0236639685461803, -0.0265959621824408, 0.0473279370923606, -0.0046409406424839, -0.001808843468388, 0.0 ],
 [ 0.0017129301804726, 0.0015993556479446, 0.0, 0.0, 0.0, 0.0, 0.0, 0.0, 0.0, 0.0, 0.0, -0.0268322536099275, -0.0051829937274799, -0.0207319749099198, -0.0103659874549599, 0.0069614109637259, 0.002713265202582, 0.0 ],
 [ 0.1399469896717598, 0.1306679109843342, 0.0736279409838245, 0.0, 0.0, 0.0736279409838245, 0.0, 0.0, 0.0915619070006735, 0.0, 0.0, 0.0, 0.0013145593234458, 0.0, 0.0026291186468917, 0.0, 0.0075333801369691, 0.0 ],
 [ 0.1151526793016461, 0.107517568501378, 0.0545215333666401, 0.0, 0.0, 0.0545215333666401, 0.0, 0.0, 0.0678016456924576, 0.0, 0.0, -0.0071434565283724, 0.0, 0.0, 0.0, -0.016896870056306, 0.0, 0.0 ],
 [ 0.0152517689610811, 0.0142405120226915, 0.0, 0.0, 0.0, 0.0, 0.0, 0.0, 0.0, 0.0, 0.0, 0.0, 0.0081674189829528, 0.0, 0.0163348379659056, 0.0, 0.046805245559551, 0.0 ],
 [ 0.0828797503551758, 0.0773844715575137, 0.0, 0.0, 0.0, 0.0, 0.0, 0.0, 0.0, 0.0, 0.0, -0.0443826318167143, 0.0, 0.0, 0.0, -0.1049810493820919, 0.0, 0.0 ]
  ],
  "quadratic": [
  [ [ 0.0056314440041614, 0.00474336906512755, 0.00050744192840945, 0.00050744192840945, 0.00050744192840945, -0.00052193072835465, -0.00052193072835465, 0.00050744192840945, 0.00050744192840945, 0.00050744192840945, 0.00050744192840945, -0.0010148838568189, 0.00050744192840945, 0.0020297677136378, 0.0010148838568189, -0.0020297677136378, 0.00152232578522835, 0.0010293726567641 ],
 [ 0.00474336906512755, 0.0045097482661118, 0.00054173096990425, 0.00054173096990425, 0.00054173096990425, 0.0003986675454766, 0.0003986675454766, 0.00023689818868785, 0.00054173096990425, 0.00054173096990425, 0.00054173096990425, -0.0010834619398085, 8.44817980797e-05, 0.0003379271923188, 0.0001689635961594, -0.002166923879617, 0.00162519290971275, -0.0001617693567887 ],
 [ 0.00050744192840945, 0.00054173096990425, 0.0012193311248654, 0.0, 0.0, 0.0001358691850569, 0.0001358691850569, 0.0, 0.0, 0.0, 0.0, 0.0, 0.0, 0.0, 0.0, 0.0, 0.0, -0.0001358691850569 ],
 [ 0.00050744192840945, 0.00054173096990425, 0.0, 0.0012193311248654, 0.0, 0.0001358691850569, 0.0001358691850569, 0.0, 0.0, 0.0, 0.0, 0.0, 0.0, 0.0, 0.0, 0.0, 0.0, -0.0001358691850569 ],
 [ 0.00050744192840945, 0.00054173096990425, 0.0, 0.0, 0.0012193311248654, 0.0001358691850569, 0.0001358691850569, 0.0, 0.0, 0.0, 0.0, 0.0, 0.0, 0.0, 0.0, 0.0, 0.0, -0.0001358691850569 ],
 [ -0.00052193072835465, 0.0003986675454766, 0.0001358691850569, 0.0001358691850569, 0.0001358691850569, 0.0025175188553684, 0.00129818773050295, -0.00047379637737575, 0.0001358691850569, 0.0001358691850569, 0.0001358691850569, -0.00027173837011385, -0.0007786291585921, -0.00311451663436855, -0.00155725831718425, -0.00054347674022775, 0.0004076075551708, -0.00177198410787875 ],
 [ -0.00052193072835465, 0.0003986675454766, 0.0001358691850569, 0.0001358691850569, 0.0001358691850569, 0.00129818773050295, 0.0025175188553684, -0.00047379637737575, 0.0001358691850569, 0.0001358691850569, 0.0001358691850569, -0.00027173837011385, -0.0007786291585921, -0.00311451663436855, -0.00155725831718425, -0.00054347674022775, 0.0004076075551708, -0.00177198410787875 ],
 [ 0.00050744192840945, 0.00023689818868785, 0.0, 0.0, 0.0, -0.00047379637737575, -0.00047379637737575, 0.0012193311248654, 0.0, 0.0, 0.0, 0.0, 0.0, 0.0, 0.0, 0.0, 0.0, 0.00047379637737575 ],
 [ 0.00050744192840945, 0.00054173096990425, 0.0, 0.0, 0.0, 0.0001358691850569, 0.0001358691850569, 0.0, 0.0006096655624327, 0.0, 0.0, 0.0, 0.0, 0.0, 0.0, 0.0, 0.0, -0.0001358691850569 ],
 [ 0.00050744192840945, 0.00054173096990425, 0.0, 0.0, 0.0, 0.0001358691850569, 0.0001358691850569, 0.0, 0.0, 0.0006096655624327, 0.0, 0.0, 0.0, 0.0, 0.0, 0.0, 0.0, -0.0001358691850569 ],
 [ 0.00050744192840945, 0.00054173096990425, 0.0, 0.0, 0.0, 0.0001358691850569, 0.0001358691850569, 0.0, 0.0, 0.0, 0.0006096655624327, 0.0, 0.0, 0.0, 0.0, 0.0, 0.0, -0.0001358691850569 ],
 [ -0.0010148838568189, -0.0010834619398085, 0.0, 0.0, 0.0, -0.00027173837011385, -0.00027173837011385, 0.0, 0.0, 0.0, 0.0, 0.0073159867491926, 0.0, 0.00731598674919265, 0.0, 0.0, 0.0, 0.00027173837011385 ],
 [ 0.00050744192840945, 8.44817980797e-05, 0.0, 0.0, 0.0, -0.0007786291585921, -0.0007786291585921, 0.0, 0.0, 0.0, 0.0, 0.0, 0.0018289966872981, 0.0, 0.0036579933745963, 0.0, 0.0, 0.0007786291585921 ],
 [ 0.0020297677136378, 0.0003379271923188, 0.0, 0.0, 0.0, -0.00311451663436855, -0.00311451663436855, 0.0, 0.0, 0.0, 0.0, 0.00731598674919265, 0.0, 0.0146319734983853, 0.0, 0.0, 0.0, 0.00311451663436855 ],
 [ 0.0010148838568189, 0.0001689635961594, 0.0, 0.0, 0.0, -0.00155725831718425, -0.00155725831718425, 0.0, 0.0, 0.0, 0.0, 0.0, 0.0036579933745963, 0.0, 0.0073159867491926, 0.0, 0.0, 0.00155725831718425 ],
 [ -0.0020297677136378, -0.002166923879617, 0.0, 0.0, 0.0, -0.00054347674022775, -0.00054347674022775, 0.0, 0.0, 0.0, 0.0, 0.0, 0.0, 0.0, 0.0, 0.0036579933745963, 0.0, 0.00054347674022775 ],
 [ 0.00152232578522835, 0.00162519290971275, 0.0, 0.0, 0.0, 0.0004076075551708, 0.0004076075551708, 0.0, 0.0, 0.0, 0.0, 0.0, 0.0, 0.0, 0.0, 0.0, 0.0054869900618945, -0.0004076075551708 ],
 [ 0.0010293726567641, -0.0001617693567887, -0.0001358691850569, -0.0001358691850569, -0.0001358691850569, -0.00177198410787875, -0.00177198410787875, 0.00047379637737575, -0.0001358691850569, -0.0001358691850569, -0.0001358691850569, 0.00027173837011385, 0.0007786291585921, 0.00311451663436855, 0.00155725831718425, 0.00054347674022775, -0.0004076075551708, 0.0022457804852545 ]
    ], [
  [ 0.30041880659792614, 0.28143602386139893, 0.18060079910873925, -0.021281053289999383, -0.021281053289999383, 0.1996601198785075, -0.002221732520232703, -0.004094247911126519, 0.27487058682943494, -0.021281053289999383, -0.021281053289999383, 0.009854660859153971, -0.004522660568090062, -0.018090642272360246, -0.009045321136180123, 0.019709321718307943, -0.01478199128873096, -0.0018725153908952126 ],
 [ 0.28143602386139893, 0.26364980223907525, 0.2132721183684815, -0.017533772152860783, -0.017533772152860783, 0.2205845868242593, -0.010221303697078611, -0.011969663379471824, 0.22495916893108198, -0.017533772152860783, -0.017533772152860783, 0.007898044783779527, -0.007956959946537973, -0.03182783978615189, -0.015913919893075945, 0.015796089567559055, -0.011847067175669293, -0.0017483596823924079 ],
 [ 0.18060079910873925, 0.2132721183684815, 0.3060481547350632, 0.022173911258992082, 0.022173911258992082, 0.33777485446861344, 0.01196805679467516, -0.07732377891543142, 0.005707042536335676, 0.022173911258992082, 0.022173911258992082, -0.01318441339278974, -0.037778134542636795, -0.15111253817054718, -0.07555626908527359, -0.026368826785579474, 0.01977662008918461, -0.08929183571010448 ],
 [ -0.021281053289999383, -0.017533772152860783, 0.022173911258992082, -0.04023643822188561, 0.001696115975983924, 0.019235696777050962, -0.0012420985059571818, -0.005914612681997063, -0.014770752746672465, 0.001696115975983924, 0.001696115975983924, -0.0017614952809921949, -0.0050473239680072085, -0.020189295872028837, -0.010094647936014419, -0.00352299056198439, 0.0026422429214882927, -0.0046725141760398815 ],
 [ -0.021281053289999383, -0.017533772152860783, 0.022173911258992082, 0.001696115975983924, -0.04023643822188561, 0.019235696777050962, -0.0012420985059571818, -0.005914612681997063, -0.014770752746672465, 0.001696115975983924, 0.001696115975983924, -0.0017614952809921949, -0.0050473239680072085, -0.020189295872028837, -0.010094647936014419, -0.00352299056198439, 0.0026422429214882927, -0.0046725141760398815 ],
 [ 0.1996601198785075, 0.2205845868242593, 0.33777485446861344, 0.019235696777050962, 0.019235696777050962, 0.2778543810359189, 0.0012477775422234652, -0.06707778106894859, 0.008612976404321836, 0.019235696777050962, 0.019235696777050962, -0.007886738482599652, -0.022598371169185345, -0.0903934846767414, -0.04519674233837069, -0.015773476965199304, 0.011830107723899476, -0.06832555861116985 ],
 [ -0.002221732520232703, -0.010221303697078611, 0.01196805679467516, -0.0012420985059571818, -0.0012420985059571818, 0.0012477775422234652, -0.05389493195627875, 0.004331385164485703, -0.011864818878686106, -0.0012420985059571818, -0.0012420985059571818, 0.003536179629198183, 0.01013243940544507, 0.04052975762178028, 0.02026487881089014, 0.007072359258396366, -0.0053042694437972744, 0.0162937629228949 ],
 [ -0.004094247911126519, -0.011969663379471824, -0.07732377891543142, -0.005914612681997063, -0.005914612681997063, -0.06707778106894859, 0.004331385164485703, -0.021307406110488956, 0.05150784660667565, -0.005914612681997063, -0.005914612681997063, 0.006142600197012216, 0.017600781299171107, 0.07040312519668443, 0.035201562598342215, 0.012285200394024432, -0.00921390029551832, 0.0162937629228949 ],
 [ 0.27487058682943494, 0.22495916893108198, 0.005707042536335676, -0.014770752746672465, -0.014770752746672465, 0.008612976404321836, -0.011864818878686106, 0.05150784660667565, 0.2531251038226687, -0.014770752746672465, -0.014770752746672465, 0.007424048884140987, 0.02127259736482258, 0.08509038945929032, 0.04254519472964516, 0.014848097768281974, -0.011136073326211481, 0.06337266548536168 ],
 [ -0.021281053289999383, -0.017533772152860783, 0.022173911258992082, 0.001696115975983924, 0.001696115975983924, 0.019235696777050962, -0.0012420985059571818, -0.005914612681997063, -0.014770752746672465, -0.019270161122950852, 0.001696115975983924, -0.0017614952809921949, -0.0050473239680072085, -0.020189295872028837, -0.010094647936014419, -0.00352299056198439, 0.0026422429214882927, -0.0046725141760398815 ],
 [ -0.021281053289999383, -0.017533772152860783, 0.022173911258992082, 0.001696115975983924, 0.001696115975983924, 0.019235696777050962, -0.0012420985059571818, -0.005914612681997063, -0.014770752746672465, 0.001696115975983924, -0.019270161122950852, -0.0017614952809921949, -0.0050473239680072085, -0.020189295872028837, -0.010094647936014419, -0.00352299056198439, 0.0026422429214882927, -0.0046725141760398815 ],
 [ 0.009854660859153971, 0.007898044783779527, -0.01318441339278974, -0.0017614952809921949, -0.0017614952809921949, -0.007886738482599652, 0.003536179629198183, 0.006142600197012216, 0.007424048884140987, -0.0017614952809921949, -0.0017614952809921949, -0.06991090020103143, 0.0007493418500537252, -0.06717505002084963, 0.0014986837001074503, 0.0005230344400661673, -0.0003922758300496255, 0.0026064205678140353 ],
 [ -0.004522660568090062, -0.007956959946537973, -0.037778134542636795, -0.0050473239680072085, -0.0050473239680072085, -0.022598371169185345, 0.01013243940544507, 0.017600781299171107, 0.02127259736482258, -0.0050473239680072085, -0.0050473239680072085, 0.0007493418500537252, -0.015395967703343524, 0.008588546607690385, -0.030791935406687048, 0.0014986837001074503, -0.0011240127750805876, 0.00746834189372602 ],
 [ -0.018090642272360246, -0.03182783978615189, -0.15111253817054718, -0.020189295872028837, -0.020189295872028837, -0.0903934846767414, 0.04052975762178028, 0.07040312519668443, 0.08509038945929032, -0.020189295872028837, -0.020189295872028837, -0.06717505002084963, 0.008588546607690385, -0.10599064841136736, 0.01717709321538077, 0.005994734800429801, -0.00449605110032235, 0.02987336757490408 ],
 [ -0.009045321136180123, -0.015913919893075945, -0.07555626908527359, -0.010094647936014419, -0.010094647936014419, -0.04519674233837069, 0.02026487881089014, 0.035201562598342215, 0.04254519472964516, -0.010094647936014419, -0.010094647936014419, 0.0014986837001074503, -0.030791935406687048, 0.01717709321538077, -0.061583870813374096, 0.0029973674002149006, -0.002248025550161175, 0.01493668378745204 ],
 [ 0.019709321718307943, 0.015796089567559055, -0.026368826785579474, -0.00352299056198439, -0.00352299056198439, -0.015773476965199304, 0.007072359258396366, 0.012285200394024432, 0.014848097768281974, -0.00352299056198439, -0.00352299056198439, 0.0005230344400661673, 0.0014986837001074503, 0.005994734800429801, 0.0029973674002149006, -0.034040139830399975, -0.000784551660099251, 0.005212841135628067 ],
 [ -0.01478199128873096, -0.011847067175669293, 0.01977662008918461, 0.0026422429214882927, 0.0026422429214882927, 0.011830107723899476, -0.0053042694437972744, -0.00921390029551832, -0.011136073326211481, 0.0026422429214882927, 0.0026422429214882927, -0.0003922758300496255, -0.0011240127750805876, -0.00449605110032235, -0.002248025550161175, -0.000784551660099251, -0.05204089932072398, -0.00390963085172105 ],
 [ -0.0018725153908952126, -0.0017483596823924079, -0.08929183571010448, -0.0046725141760398815, -0.0046725141760398815, -0.06832555861116985, 0.0162937629228949, 0.0162937629228949, 0.06337266548536168, -0.0046725141760398815, -0.0046725141760398815, 0.0026064205678140353, 0.00746834189372602, 0.02987336757490408, 0.01493668378745204, 0.005212841135628067, -0.00390963085172105, 0.0 ]
    ], [
  [ -0.17302662512657, -0.1592279344754586, -0.1134573860174359, 0.0, 0.0, -0.10880480221796544, 0.004652583799471, 0.0, -0.12908437943418075, 0.0, 0.0, -0.01440718458357535, -0.0005823642001624, -0.00232945680064965, -0.0011647284003248, -0.02881436916715075, 0.02161077687536305, -0.004652583799471 ],
 [ -0.1592279344754586, -0.1464983985255207, -0.12626576797982236, 0.0, 0.0, -0.1219216702097848, 0.00434409777003665, 0.0, -0.10417664158057385, 0.0, 0.0, -0.0118328734727564, 0.0040954260931874, 0.0163817043727496, 0.0081908521863748, -0.02366574694551285, 0.0177493102091346, -0.00434409777003665 ],
 [ -0.1134573860174359, -0.12626576797982236, 0.2096927661527177, 0.0, 0.0, 0.16903059089049075, -0.0406621752622267, 0.0, -0.28660317627467263, 0.0, 0.0, -0.01419135348198155, -0.0406633837405017, -0.1626535349620068, -0.0813267674810034, -0.0283827069639631, 0.0212870302229723, 0.0406621752622267 ],
 [ 0.0, 0.0, 0.0, 0.0, 0.0, 0.0, 0.0, 0.0, 0.0, 0.0, 0.0, 0.0, 0.0, 0.0, 0.0, 0.0, 0.0, 0.0 ],
 [ 0.0, 0.0, 0.0, 0.0, 0.0, 0.0, 0.0, 0.0, 0.0, 0.0, 0.0, 0.0, 0.0, 0.0, 0.0, 0.0, 0.0, 0.0 ],
 [ -0.10880480221796544, -0.1219216702097848, 0.16903059089049075, 0.0, 0.0, 0.1283684156282639, -0.0406621752622267, 0.0, -0.2539053837258662, 0.0, 0.0, -0.0109532460878339, -0.03138502958433435, -0.1255401183373374, -0.06277005916866865, -0.0219064921756678, 0.01642986913175085, 0.0406621752622267 ],
 [ 0.004652583799471, 0.00434409777003665, -0.0406621752622267, 0.0, 0.0, -0.0406621752622267, 0.0, 0.0, 0.03269779254880665, 0.0, 0.0, 0.0032381073941477, 0.00927835415616735, 0.03711341662466955, 0.01855670831233475, 0.0064762147882954, -0.00485716109122155, 0.0 ],
 [ 0.0, 0.0, 0.0, 0.0, 0.0, 0.0, 0.0, 0.0, 0.0, 0.0, 0.0, 0.0, 0.0, 0.0, 0.0, 0.0, 0.0, 0.0 ],
 [ -0.12908437943418075, -0.10417664158057385, -0.28660317627467263, 0.0, 0.0, -0.2539053837258662, 0.03269779254880665, 0.0, 0.0837471050914147, 0.0, 0.0, 0.0114117341029632, 0.0326987643259357, 0.1307950573037428, 0.0653975286518714, 0.02282346820592645, -0.01711760115444485, -0.03269779254880665 ],
 [ 0.0, 0.0, 0.0, 0.0, 0.0, 0.0, 0.0, 0.0, 0.0, 0.0, 0.0, 0.0, 0.0, 0.0, 0.0, 0.0, 0.0, 0.0 ],
 [ 0.0, 0.0, 0.0, 0.0, 0.0, 0.0, 0.0, 0.0, 0.0, 0.0, 0.0, 0.0, 0.0, 0.0, 0.0, 0.0, 0.0, 0.0 ],
 [ -0.01440718458357535, -0.0118328734727564, -0.01419135348198155, 0.0, 0.0, -0.0109532460878339, 0.0032381073941477, 0.0, 0.0114117341029632, 0.0, 0.0, 0.0871792628259302, 0.0, 0.08717926282593025, 0.0, 0.0, 0.0, -0.0032381073941477 ],
 [ -0.0005823642001624, 0.0040954260931874, -0.0406633837405017, 0.0, 0.0, -0.03138502958433435, 0.00927835415616735, 0.0, 0.0326987643259357, 0.0, 0.0, 0.0, 0.0217948157064825, 0.0, 0.0435896314129651, 0.0, 0.0, -0.00927835415616735 ],
 [ -0.00232945680064965, 0.0163817043727496, -0.1626535349620068, 0.0, 0.0, -0.1255401183373374, 0.03711341662466955, 0.0, 0.1307950573037428, 0.0, 0.0, 0.08717926282593025, 0.0, 0.1743585256518605, 0.0, 0.0, 0.0, -0.03711341662466955 ],
 [ -0.0011647284003248, 0.0081908521863748, -0.0813267674810034, 0.0, 0.0, -0.06277005916866865, 0.01855670831233475, 0.0, 0.0653975286518714, 0.0, 0.0, 0.0, 0.0435896314129651, 0.0, 0.0871792628259302, 0.0, 0.0, -0.01855670831233475 ],
 [ -0.02881436916715075, -0.02366574694551285, -0.0283827069639631, 0.0, 0.0, -0.0219064921756678, 0.0064762147882954, 0.0, 0.02282346820592645, 0.0, 0.0, 0.0, 0.0, 0.0, 0.0, 0.0435896314129651, 0.0, -0.0064762147882954 ],
 [ 0.02161077687536305, 0.0177493102091346, 0.0212870302229723, 0.0, 0.0, 0.01642986913175085, -0.00485716109122155, 0.0, -0.01711760115444485, 0.0, 0.0, 0.0, 0.0, 0.0, 0.0, 0.0, 0.0653844471194477, 0.00485716109122155 ],
 [ -0.004652583799471, -0.00434409777003665, 0.0406621752622267, 0.0, 0.0, 0.0406621752622267, 0.0, 0.0, -0.03269779254880665, 0.0, 0.0, -0.0032381073941477, -0.00927835415616735, -0.03711341662466955, -0.01855670831233475, -0.0064762147882954, 0.00485716109122155, 0.0 ]
    ], [
  [ -0.17302662512657, -0.1592279344754586, 0.0, -0.1134573860174359, 0.0, 0.004652583799471, -0.10880480221796544, 0.0, 0.0, -0.12908437943418075, 0.0, -0.01440718458357535, -0.0005823642001624, -0.00232945680064965, -0.0011647284003248, -0.02881436916715075, 0.02161077687536305, -0.004652583799471 ],
 [ -0.1592279344754586, -0.1464983985255207, 0.0, -0.12626576797982236, 0.0, 0.00434409777003665, -0.1219216702097848, 0.0, 0.0, -0.10417664158057385, 0.0, -0.0118328734727564, 0.0040954260931874, 0.0163817043727496, 0.0081908521863748, -0.02366574694551285, 0.0177493102091346, -0.00434409777003665 ],
 [ 0.0, 0.0, 0.0, 0.0, 0.0, 0.0, 0.0, 0.0, 0.0, 0.0, 0.0, 0.0, 0.0, 0.0, 0.0, 0.0, 0.0, 0.0 ],
 [ -0.1134573860174359, -0.12626576797982236, 0.0, 0.2096927661527177, 0.0, -0.0406621752622267, 0.16903059089049075, 0.0, 0.0, -0.28660317627467263, 0.0, -0.01419135348198155, -0.0406633837405017, -0.1626535349620068, -0.0813267674810034, -0.0283827069639631, 0.0212870302229723, 0.0406621752622267 ],
 [ 0.0, 0.0, 0.0, 0.0, 0.0, 0.0, 0.0, 0.0, 0.0, 0.0, 0.0, 0.0, 0.0, 0.0, 0.0, 0.0, 0.0, 0.0 ],
 [ 0.004652583799471, 0.00434409777003665, 0.0, -0.0406621752622267, 0.0, 0.0, -0.0406621752622267, 0.0, 0.0, 0.03269779254880665, 0.0, 0.0032381073941477, 0.00927835415616735, 0.03711341662466955, 0.01855670831233475, 0.0064762147882954, -0.00485716109122155, 0.0 ],
 [ -0.10880480221796544, -0.1219216702097848, 0.0, 0.16903059089049075, 0.0, -0.0406621752622267, 0.1283684156282639, 0.0, 0.0, -0.2539053837258662, 0.0, -0.0109532460878339, -0.03138502958433435, -0.1255401183373374, -0.06277005916866865, -0.0219064921756678, 0.01642986913175085, 0.0406621752622267 ],
 [ 0.0, 0.0, 0.0, 0.0, 0.0, 0.0, 0.0, 0.0, 0.0, 0.0, 0.0, 0.0, 0.0, 0.0, 0.0, 0.0, 0.0, 0.0 ],
 [ 0.0, 0.0, 0.0, 0.0, 0.0, 0.0, 0.0, 0.0, 0.0, 0.0, 0.0, 0.0, 0.0, 0.0, 0.0, 0.0, 0.0, 0.0 ],
 [ -0.12908437943418075, -0.10417664158057385, 0.0, -0.28660317627467263, 0.0, 0.03269779254880665, -0.2539053837258662, 0.0, 0.0, 0.0837471050914147, 0.0, 0.0114117341029632, 0.0326987643259357, 0.1307950573037428, 0.0653975286518714, 0.02282346820592645, -0.01711760115444485, -0.03269779254880665 ],
 [ 0.0, 0.0, 0.0, 0.0, 0.0, 0.0, 0.0, 0.0, 0.0, 0.0, 0.0, 0.0, 0.0, 0.0, 0.0, 0.0, 0.0, 0.0 ],
 [ -0.01440718458357535, -0.0118328734727564, 0.0, -0.01419135348198155, 0.0, 0.0032381073941477, -0.0109532460878339, 0.0, 0.0, 0.0114117341029632, 0.0, 0.0871792628259302, 0.0, 0.08717926282593025, 0.0, 0.0, 0.0, -0.0032381073941477 ],
 [ -0.0005823642001624, 0.0040954260931874, 0.0, -0.0406633837405017, 0.0, 0.00927835415616735, -0.03138502958433435, 0.0, 0.0, 0.0326987643259357, 0.0, 0.0, 0.0217948157064825, 0.0, 0.0435896314129651, 0.0, 0.0, -0.00927835415616735 ],
 [ -0.00232945680064965, 0.0163817043727496, 0.0, -0.1626535349620068, 0.0, 0.03711341662466955, -0.1255401183373374, 0.0, 0.0, 0.1307950573037428, 0.0, 0.08717926282593025, 0.0, 0.1743585256518605, 0.0, 0.0, 0.0, -0.03711341662466955 ],
 [ -0.0011647284003248, 0.0081908521863748, 0.0, -0.0813267674810034, 0.0, 0.01855670831233475, -0.06277005916866865, 0.0, 0.0, 0.0653975286518714, 0.0, 0.0, 0.0435896314129651, 0.0, 0.0871792628259302, 0.0, 0.0, -0.01855670831233475 ],
 [ -0.02881436916715075, -0.02366574694551285, 0.0, -0.0283827069639631, 0.0, 0.0064762147882954, -0.0219064921756678, 0.0, 0.0, 0.02282346820592645, 0.0, 0.0, 0.0, 0.0, 0.0, 0.0435896314129651, 0.0, -0.0064762147882954 ],
 [ 0.02161077687536305, 0.0177493102091346, 0.0, 0.0212870302229723, 0.0, -0.00485716109122155, 0.01642986913175085, 0.0, 0.0, -0.01711760115444485, 0.0, 0.0, 0.0, 0.0, 0.0, 0.0, 0.0653844471194477, 0.00485716109122155 ],
 [ -0.004652583799471, -0.00434409777003665, 0.0, 0.0406621752622267, 0.0, 0.0, 0.0406621752622267, 0.0, 0.0, -0.03269779254880665, 0.0, -0.0032381073941477, -0.00927835415616735, -0.03711341662466955, -0.01855670831233475, -0.0064762147882954, 0.00485716109122155, 0.0 ]
    ], [
  [ -0.17302662512657, -0.1592279344754586, 0.0, 0.0, -0.1134573860174359, 0.004652583799471, 0.004652583799471, -0.1134573860174359, 0.0, 0.0, -0.12908437943418075, -0.01440718458357535, -0.0005823642001624, -0.00232945680064965, -0.0011647284003248, -0.02881436916715075, 0.02161077687536305, -0.004652583799471 ],
 [ -0.1592279344754586, -0.1464983985255207, 0.0, 0.0, -0.12626576797982236, 0.00434409777003665, 0.00434409777003665, -0.12626576797982236, 0.0, 0.0, -0.10417664158057385, -0.0118328734727564, 0.0040954260931874, 0.0163817043727496, 0.0081908521863748, -0.02366574694551285, 0.0177493102091346, -0.00434409777003665 ],
 [ 0.0, 0.0, 0.0, 0.0, 0.0, 0.0, 0.0, 0.0, 0.0, 0.0, 0.0, 0.0, 0.0, 0.0, 0.0, 0.0, 0.0, 0.0 ],
 [ 0.0, 0.0, 0.0, 0.0, 0.0, 0.0, 0.0, 0.0, 0.0, 0.0, 0.0, 0.0, 0.0, 0.0, 0.0, 0.0, 0.0, 0.0 ],
 [ -0.1134573860174359, -0.12626576797982236, 0.0, 0.0, 0.2096927661527177, -0.0406621752622267, -0.0406621752622267, 0.2096927661527177, 0.0, 0.0, -0.28660317627467263, -0.01419135348198155, -0.0406633837405017, -0.1626535349620068, -0.0813267674810034, -0.0283827069639631, 0.0212870302229723, 0.0406621752622267 ],
 [ 0.004652583799471, 0.00434409777003665, 0.0, 0.0, -0.0406621752622267, 0.0, 0.0, -0.0406621752622267, 0.0, 0.0, 0.03269779254880665, 0.0032381073941477, 0.00927835415616735, 0.03711341662466955, 0.01855670831233475, 0.0064762147882954, -0.00485716109122155, 0.0 ],
 [ 0.004652583799471, 0.00434409777003665, 0.0, 0.0, -0.0406621752622267, 0.0, 0.0, -0.0406621752622267, 0.0, 0.0, 0.03269779254880665, 0.0032381073941477, 0.00927835415616735, 0.03711341662466955, 0.01855670831233475, 0.0064762147882954, -0.00485716109122155, 0.0 ],
 [ -0.1134573860174359, -0.12626576797982236, 0.0, 0.0, 0.2096927661527177, -0.0406621752622267, -0.0406621752622267, 0.2096927661527177, 0.0, 0.0, -0.28660317627467263, -0.01419135348198155, -0.0406633837405017, -0.1626535349620068, -0.0813267674810034, -0.0283827069639631, 0.0212870302229723, 0.0406621752622267 ],
 [ 0.0, 0.0, 0.0, 0.0, 0.0, 0.0, 0.0, 0.0, 0.0, 0.0, 0.0, 0.0, 0.0, 0.0, 0.0, 0.0, 0.0, 0.0 ],
 [ 0.0, 0.0, 0.0, 0.0, 0.0, 0.0, 0.0, 0.0, 0.0, 0.0, 0.0, 0.0, 0.0, 0.0, 0.0, 0.0, 0.0, 0.0 ],
 [ -0.12908437943418075, -0.10417664158057385, 0.0, 0.0, -0.28660317627467263, 0.03269779254880665, 0.03269779254880665, -0.28660317627467263, 0.0, 0.0, 0.0837471050914147, 0.0114117341029632, 0.0326987643259357, 0.1307950573037428, 0.0653975286518714, 0.02282346820592645, -0.01711760115444485, -0.03269779254880665 ],
 [ -0.01440718458357535, -0.0118328734727564, 0.0, 0.0, -0.01419135348198155, 0.0032381073941477, 0.0032381073941477, -0.01419135348198155, 0.0, 0.0, 0.0114117341029632, 0.0871792628259302, 0.0, 0.08717926282593025, 0.0, 0.0, 0.0, -0.0032381073941477 ],
 [ -0.0005823642001624, 0.0040954260931874, 0.0, 0.0, -0.0406633837405017, 0.00927835415616735, 0.00927835415616735, -0.0406633837405017, 0.0, 0.0, 0.0326987643259357, 0.0, 0.0217948157064825, 0.0, 0.0435896314129651, 0.0, 0.0, -0.00927835415616735 ],
 [ -0.00232945680064965, 0.0163817043727496, 0.0, 0.0, -0.1626535349620068, 0.03711341662466955, 0.03711341662466955, -0.1626535349620068, 0.0, 0.0, 0.1307950573037428, 0.08717926282593025, 0.0, 0.1743585256518605, 0.0, 0.0, 0.0, -0.03711341662466955 ],
 [ -0.0011647284003248, 0.0081908521863748, 0.0, 0.0, -0.0813267674810034, 0.01855670831233475, 0.01855670831233475, -0.0813267674810034, 0.0, 0.0, 0.0653975286518714, 0.0, 0.0435896314129651, 0.0, 0.0871792628259302, 0.0, 0.0, -0.01855670831233475 ],
 [ -0.02881436916715075, -0.02366574694551285, 0.0, 0.0, -0.0283827069639631, 0.0064762147882954, 0.0064762147882954, -0.0283827069639631, 0.0, 0.0, 0.02282346820592645, 0.0, 0.0, 0.0, 0.0, 0.0435896314129651, 0.0, -0.0064762147882954 ],
 [ 0.02161077687536305, 0.0177493102091346, 0.0, 0.0, 0.0212870302229723, -0.00485716109122155, -0.00485716109122155, 0.0212870302229723, 0.0, 0.0, -0.01711760115444485, 0.0, 0.0, 0.0, 0.0, 0.0, 0.0653844471194477, 0.00485716109122155 ],
 [ -0.004652583799471, -0.00434409777003665, 0.0, 0.0, 0.0406621752622267, 0.0, 0.0, 0.0406621752622267, 0.0, 0.0, -0.03269779254880665, -0.0032381073941477, -0.00927835415616735, -0.03711341662466955, -0.01855670831233475, -0.0064762147882954, 0.00485716109122155, 0.0 ]
    ], [
  [ 0.0264176249632421, 0.0251413091714426, 0.0122456667313838, 0.0, 0.0, 0.0131962362004692, 0.00095056946908245, 0.0, 0.01949376054028735, 0.0, 0.0, 0.0, 0.0, 0.0, 0.0, 0.0, 0.0, -0.00095056946908245 ],
 [ 0.0251413091714426, 0.0239181051345149, 0.0116882451033875, 0.0, 0.0, 0.01257578778695535, 0.00088754268356765, 0.0, 0.0185177539246064, 0.0, 0.0, 0.0, 0.0, 0.0, 0.0, 0.0, 0.0, -0.00088754268356765 ],
 [ 0.0122456667313838, 0.0116882451033875, 0.0055395602230547, 0.0, 0.0, 0.00604859620086225, 0.0005090359778076, 0.0, 0.0091729829807631, 0.0, 0.0, 0.0, 0.0, 0.0, 0.0, 0.0, 0.0, -0.0005090359778076 ],
 [ 0.0, 0.0, 0.0, 0.0, 0.0, 0.0, 0.0, 0.0, 0.0, 0.0, 0.0, 0.0, 0.0, 0.0, 0.0, 0.0, 0.0, 0.0 ],
 [ 0.0, 0.0, 0.0, 0.0, 0.0, 0.0, 0.0, 0.0, 0.0, 0.0, 0.0, 0.0, 0.0, 0.0, 0.0, 0.0, 0.0, 0.0 ],
 [ 0.0131962362004692, 0.01257578778695535, 0.00604859620086225, 0.0, 0.0, 0.0065576321786695, 0.0005090359778076, 0.0, 0.0098060076754266, 0.0, 0.0, 0.0, 0.0, 0.0, 0.0, 0.0, 0.0, -0.0005090359778076 ],
 [ 0.00095056946908245, 0.00088754268356765, 0.0005090359778076, 0.0, 0.0, 0.0005090359778076, 0.0, 0.0, 0.00063302469466385, 0.0, 0.0, 0.0, 0.0, 0.0, 0.0, 0.0, 0.0, 0.0 ],
 [ 0.0, 0.0, 0.0, 0.0, 0.0, 0.0, 0.0, 0.0, 0.0, 0.0, 0.0, 0.0, 0.0, 0.0, 0.0, 0.0, 0.0, 0.0 ],
 [ 0.01949376054028735, 0.0185177539246064, 0.0091729829807631, 0.0, 0.0, 0.0098060076754266, 0.00063302469466385, 0.0, 0.0142477747815573, 0.0, 0.0, 0.0, 0.0, 0.0, 0.0, 0.0, 0.0, -0.00063302469466385 ],
 [ 0.0, 0.0, 0.0, 0.0, 0.0, 0.0, 0.0, 0.0, 0.0, 0.0, 0.0, 0.0, 0.0, 0.0, 0.0, 0.0, 0.0, 0.0 ],
 [ 0.0, 0.0, 0.0, 0.0, 0.0, 0.0, 0.0, 0.0, 0.0, 0.0, 0.0, 0.0, 0.0, 0.0, 0.0, 0.0, 0.0, 0.0 ],
 [ 0.0, 0.0, 0.0, 0.0, 0.0, 0.0, 0.0, 0.0, 0.0, 0.0, 0.0, 0.0, 0.0, 0.0, 0.0, 0.0, 0.0, 0.0 ],
 [ 0.0, 0.0, 0.0, 0.0, 0.0, 0.0, 0.0, 0.0, 0.0, 0.0, 0.0, 0.0, 0.0, 0.0, 0.0, 0.0, 0.0, 0.0 ],
 [ 0.0, 0.0, 0.0, 0.0, 0.0, 0.0, 0.0, 0.0, 0.0, 0.0, 0.0, 0.0, 0.0, 0.0, 0.0, 0.0, 0.0, 0.0 ],
 [ 0.0, 0.0, 0.0, 0.0, 0.0, 0.0, 0.0, 0.0, 0.0, 0.0, 0.0, 0.0, 0.0, 0.0, 0.0, 0.0, 0.0, 0.0 ],
 [ 0.0, 0.0, 0.0, 0.0, 0.0, 0.0, 0.0, 0.0, 0.0, 0.0, 0.0, 0.0, 0.0, 0.0, 0.0, 0.0, 0.0, 0.0 ],
 [ 0.0, 0.0, 0.0, 0.0, 0.0, 0.0, 0.0, 0.0, 0.0, 0.0, 0.0, 0.0, 0.0, 0.0, 0.0, 0.0, 0.0, 0.0 ],
 [ -0.00095056946908245, -0.00088754268356765, -0.0005090359778076, 0.0, 0.0, -0.0005090359778076, 0.0, 0.0, -0.00063302469466385, 0.0, 0.0, 0.0, 0.0, 0.0, 0.0, 0.0, 0.0, 0.0 ]
    ], [
  [ 0.0264176249632421, 0.0251413091714426, 0.0061228333656919, 0.0061228333656919, 0.0, 0.00707340283477575, 0.00707340283477575, 0.0, 0.00974688027014365, 0.00974688027014365, 0.0, 0.0, 0.0, 0.0, 0.0, 0.0, 0.0, -0.00095056946908245 ],
 [ 0.0251413091714426, 0.0239181051345149, 0.00584412255169375, 0.00584412255169375, 0.0, 0.00673166523526235, 0.00673166523526235, 0.0, 0.0092588769623032, 0.0092588769623032, 0.0, 0.0, 0.0, 0.0, 0.0, 0.0, 0.0, -0.00088754268356765 ],
 [ 0.0061228333656919, 0.00584412255169375, -0.0013125363014812, 0.00408231641300835, 0.0, -0.0010580183125774, 0.0043368344019122, 0.0, -0.0004901773769075, 0.00507666886728925, 0.0, 0.0, 0.0, 0.0, 0.0, 0.0, 0.0, -0.0002545179889038 ],
 [ 0.0061228333656919, 0.00584412255169375, 0.00408231641300835, -0.0013125363014812, 0.0, 0.00433683440191235, -0.0010580183125774, 0.0, 0.00507666886728925, -0.0004901773769075, 0.0, 0.0, 0.0, 0.0, 0.0, 0.0, 0.0, -0.0002545179889038 ],
 [ 0.0, 0.0, 0.0, 0.0, 0.0, 0.0, 0.0, 0.0, 0.0, 0.0, 0.0, 0.0, 0.0, 0.0, 0.0, 0.0, 0.0, 0.0 ],
 [ 0.00707340283477575, 0.00673166523526235, -0.0010580183125774, 0.00433683440191235, 0.0, -0.0008035003236736, 0.00459135239081565, 0.0, -0.0001736650295756, 0.0053931812146213, 0.0, 0.0, 0.0, 0.0, 0.0, 0.0, 0.0, -0.0002545179889038 ],
 [ 0.00707340283477575, 0.00673166523526235, 0.0043368344019122, -0.0010580183125774, 0.0, 0.00459135239081565, -0.0008035003236736, 0.0, 0.0053931812146213, -0.0001736650295756, 0.0, 0.0, 0.0, 0.0, 0.0, 0.0, 0.0, -0.0002545179889038 ],
 [ 0.0, 0.0, 0.0, 0.0, 0.0, 0.0, 0.0, 0.0, 0.0, 0.0, 0.0, 0.0, 0.0, 0.0, 0.0, 0.0, 0.0, 0.0 ],
 [ 0.00974688027014365, 0.0092588769623032, -0.0004901773769075, 0.00507666886728925, 0.0, -0.0001736650295756, 0.0053931812146213, 0.0, 0.0008106661260136, 0.0063132212647652, 0.0, 0.0, 0.0, 0.0, 0.0, 0.0, 0.0, -0.0003165123473319 ],
 [ 0.00974688027014365, 0.0092588769623032, 0.00507666886728925, -0.0004901773769075, 0.0, 0.0053931812146213, -0.0001736650295756, 0.0, 0.0063132212647652, 0.0008106661260136, 0.0, 0.0, 0.0, 0.0, 0.0, 0.0, 0.0, -0.0003165123473319 ],
 [ 0.0, 0.0, 0.0, 0.0, 0.0, 0.0, 0.0, 0.0, 0.0, 0.0, 0.0, 0.0, 0.0, 0.0, 0.0, 0.0, 0.0, 0.0 ],
 [ 0.0, 0.0, 0.0, 0.0, 0.0, 0.0, 0.0, 0.0, 0.0, 0.0, 0.0, 0.0, 0.0, 0.0, 0.0, 0.0, 0.0, 0.0 ],
 [ 0.0, 0.0, 0.0, 0.0, 0.0, 0.0, 0.0, 0.0, 0.0, 0.0, 0.0, 0.0, 0.0, 0.0, 0.0, 0.0, 0.0, 0.0 ],
 [ 0.0, 0.0, 0.0, 0.0, 0.0, 0.0, 0.0, 0.0, 0.0, 0.0, 0.0, 0.0, 0.0, 0.0, 0.0, 0.0, 0.0, 0.0 ],
 [ 0.0, 0.0, 0.0, 0.0, 0.0, 0.0, 0.0, 0.0, 0.0, 0.0, 0.0, 0.0, 0.0, 0.0, 0.0, 0.0, 0.0, 0.0 ],
 [ 0.0, 0.0, 0.0, 0.0, 0.0, 0.0, 0.0, 0.0, 0.0, 0.0, 0.0, 0.0, 0.0, 0.0, 0.0, 0.0, 0.0, 0.0 ],
 [ 0.0, 0.0, 0.0, 0.0, 0.0, 0.0, 0.0, 0.0, 0.0, 0.0, 0.0, 0.0, 0.0, 0.0, 0.0, 0.0, 0.0, 0.0 ],
 [ -0.00095056946908245, -0.00088754268356765, -0.0002545179889038, -0.0002545179889038, 0.0, -0.0002545179889038, -0.0002545179889038, 0.0, -0.0003165123473319, -0.0003165123473319, 0.0, 0.0, 0.0, 0.0, 0.0, 0.0, 0.0, 0.0 ]
    ], [
  [ 0.0264176249632421, 0.0251413091714426, 0.0061228333656919, 0.0, 0.0061228333656919, 0.00707340283477575, 0.00095056946908245, 0.0061228333656919, 0.00974688027014365, 0.0, 0.00974688027014365, 0.0, 0.0, 0.0, 0.0, 0.0, 0.0, -0.00095056946908245 ],
 [ 0.0251413091714426, 0.0239181051345149, 0.00584412255169375, 0.0, 0.00584412255169375, 0.00673166523526235, 0.00088754268356765, 0.00584412255169375, 0.0092588769623032, 0.0, 0.0092588769623032, 0.0, 0.0, 0.0, 0.0, 0.0, 0.0, -0.00088754268356765 ],
 [ 0.0061228333656919, 0.00584412255169375, -0.0013125363014812, 0.0, 0.00408231641300835, -0.0010580183125774, 0.0002545179889038, 0.00408231641300835, -0.0004901773769075, 0.0, 0.00507666886728925, 0.0, 0.0, 0.0, 0.0, 0.0, 0.0, -0.0002545179889038 ],
 [ 0.0, 0.0, 0.0, 0.0, 0.0, 0.0, 0.0, 0.0, 0.0, 0.0, 0.0, 0.0, 0.0, 0.0, 0.0, 0.0, 0.0, 0.0 ],
 [ 0.0061228333656919, 0.00584412255169375, 0.00408231641300835, 0.0, -0.0013125363014812, 0.00433683440191235, 0.0002545179889038, -0.0013125363014812, 0.00507666886728925, 0.0, -0.0004901773769075, 0.0, 0.0, 0.0, 0.0, 0.0, 0.0, -0.0002545179889038 ],
 [ 0.00707340283477575, 0.00673166523526235, -0.0010580183125774, 0.0, 0.00433683440191235, -0.0008035003236736, 0.0002545179889038, 0.00433683440191235, -0.0001736650295756, 0.0, 0.0053931812146213, 0.0, 0.0, 0.0, 0.0, 0.0, 0.0, -0.0002545179889038 ],
 [ 0.00095056946908245, 0.00088754268356765, 0.0002545179889038, 0.0, 0.0002545179889038, 0.0002545179889038, 0.0, 0.0002545179889038, 0.0003165123473319, 0.0, 0.0003165123473319, 0.0, 0.0, 0.0, 0.0, 0.0, 0.0, 0.0 ],
 [ 0.0061228333656919, 0.00584412255169375, 0.00408231641300835, 0.0, -0.0013125363014812, 0.00433683440191235, 0.0002545179889038, -0.0013125363014812, 0.00507666886728925, 0.0, -0.0004901773769075, 0.0, 0.0, 0.0, 0.0, 0.0, 0.0, -0.0002545179889038 ],
 [ 0.00974688027014365, 0.0092588769623032, -0.0004901773769075, 0.0, 0.00507666886728925, -0.0001736650295756, 0.0003165123473319, 0.00507666886728925, 0.0008106661260136, 0.0, 0.0063132212647652, 0.0, 0.0, 0.0, 0.0, 0.0, 0.0, -0.0003165123473319 ],
 [ 0.0, 0.0, 0.0, 0.0, 0.0, 0.0, 0.0, 0.0, 0.0, 0.0, 0.0, 0.0, 0.0, 0.0, 0.0, 0.0, 0.0, 0.0 ],
 [ 0.00974688027014365, 0.0092588769623032, 0.00507666886728925, 0.0, -0.0004901773769075, 0.0053931812146213, 0.0003165123473319, -0.0004901773769075, 0.0063132212647652, 0.0, 0.0008106661260136, 0.0, 0.0, 0.0, 0.0, 0.0, 0.0, -0.0003165123473319 ],
 [ 0.0, 0.0, 0.0, 0.0, 0.0, 0.0, 0.0, 0.0, 0.0, 0.0, 0.0, 0.0, 0.0, 0.0, 0.0, 0.0, 0.0, 0.0 ],
 [ 0.0, 0.0, 0.0, 0.0, 0.0, 0.0, 0.0, 0.0, 0.0, 0.0, 0.0, 0.0, 0.0, 0.0, 0.0, 0.0, 0.0, 0.0 ],
 [ 0.0, 0.0, 0.0, 0.0, 0.0, 0.0, 0.0, 0.0, 0.0, 0.0, 0.0, 0.0, 0.0, 0.0, 0.0, 0.0, 0.0, 0.0 ],
 [ 0.0, 0.0, 0.0, 0.0, 0.0, 0.0, 0.0, 0.0, 0.0, 0.0, 0.0, 0.0, 0.0, 0.0, 0.0, 0.0, 0.0, 0.0 ],
 [ 0.0, 0.0, 0.0, 0.0, 0.0, 0.0, 0.0, 0.0, 0.0, 0.0, 0.0, 0.0, 0.0, 0.0, 0.0, 0.0, 0.0, 0.0 ],
 [ 0.0, 0.0, 0.0, 0.0, 0.0, 0.0, 0.0, 0.0, 0.0, 0.0, 0.0, 0.0, 0.0, 0.0, 0.0, 0.0, 0.0, 0.0 ],
 [ -0.00095056946908245, -0.00088754268356765, -0.0002545179889038, 0.0, -0.0002545179889038, -0.0002545179889038, 0.0, -0.0002545179889038, -0.0003165123473319, 0.0, -0.0003165123473319, 0.0, 0.0, 0.0, 0.0, 0.0, 0.0, 0.0 ]
    ], [
  [ -0.0063798156275932, -0.00448032358664765, -0.0093223645964497, 0.0, 0.0, -0.0063693981582178, 0.0029529664382313, 0.0, 0.0016573419306928, 0.0, 0.0, 0.0, 0.0, 0.0, 0.0, 0.0, 0.0, -0.0029529664382313 ],
 [ -0.00448032358664765, -0.0028046730170934, -0.0079135861782211, 0.0, 0.0, -0.00515641393324785, 0.00275717224497325, 0.0, 0.0025307061945038, 0.0, 0.0, 0.0, 0.0, 0.0, 0.0, 0.0, 0.0, -0.00275717224497325 ],
 [ -0.0093223645964497, -0.0079135861782211, -0.0081548498522165, 0.0, 0.0, -0.00657351760117225, 0.00158133225104425, 0.0, -0.00304549512659055, 0.0, 0.0, 0.0, 0.0, 0.0, 0.0, 0.0, 0.0, -0.00158133225104425 ],
 [ 0.0, 0.0, 0.0, 0.0, 0.0, 0.0, 0.0, 0.0, 0.0, 0.0, 0.0, 0.0, 0.0, 0.0, 0.0, 0.0, 0.0, 0.0 ],
 [ 0.0, 0.0, 0.0, 0.0, 0.0, 0.0, 0.0, 0.0, 0.0, 0.0, 0.0, 0.0, 0.0, 0.0, 0.0, 0.0, 0.0, 0.0 ],
 [ -0.0063693981582178, -0.00515641393324785, -0.00657351760117225, 0.0, 0.0, -0.004992185350128, 0.00158133225104425, 0.0, -0.0010789890071395, 0.0, 0.0, 0.0, 0.0, 0.0, 0.0, 0.0, 0.0, -0.00158133225104425 ],
 [ 0.0029529664382313, 0.00275717224497325, 0.00158133225104425, 0.0, 0.0, 0.00158133225104425, 0.0, 0.0, 0.00196650611945115, 0.0, 0.0, 0.0, 0.0, 0.0, 0.0, 0.0, 0.0, 0.0 ],
 [ 0.0, 0.0, 0.0, 0.0, 0.0, 0.0, 0.0, 0.0, 0.0, 0.0, 0.0, 0.0, 0.0, 0.0, 0.0, 0.0, 0.0, 0.0 ],
 [ 0.0016573419306928, 0.0025307061945038, -0.00304549512659055, 0.0, 0.0, -0.0010789890071395, 0.00196650611945115, 0.0, 0.0050367068175248, 0.0, 0.0, 0.0, 0.0, 0.0, 0.0, 0.0, 0.0, -0.00196650611945115 ],
 [ 0.0, 0.0, 0.0, 0.0, 0.0, 0.0, 0.0, 0.0, 0.0, 0.0, 0.0, 0.0, 0.0, 0.0, 0.0, 0.0, 0.0, 0.0 ],
 [ 0.0, 0.0, 0.0, 0.0, 0.0, 0.0, 0.0, 0.0, 0.0, 0.0, 0.0, 0.0, 0.0, 0.0, 0.0, 0.0, 0.0, 0.0 ],
 [ 0.0, 0.0, 0.0, 0.0, 0.0, 0.0, 0.0, 0.0, 0.0, 0.0, 0.0, 0.0, 0.0, 0.0, 0.0, 0.0, 0.0, 0.0 ],
 [ 0.0, 0.0, 0.0, 0.0, 0.0, 0.0, 0.0, 0.0, 0.0, 0.0, 0.0, 0.0, 0.0, 0.0, 0.0, 0.0, 0.0, 0.0 ],
 [ 0.0, 0.0, 0.0, 0.0, 0.0, 0.0, 0.0, 0.0, 0.0, 0.0, 0.0, 0.0, 0.0, 0.0, 0.0, 0.0, 0.0, 0.0 ],
 [ 0.0, 0.0, 0.0, 0.0, 0.0, 0.0, 0.0, 0.0, 0.0, 0.0, 0.0, 0.0, 0.0, 0.0, 0.0, 0.0, 0.0, 0.0 ],
 [ 0.0, 0.0, 0.0, 0.0, 0.0, 0.0, 0.0, 0.0, 0.0, 0.0, 0.0, 0.0, 0.0, 0.0, 0.0, 0.0, 0.0, 0.0 ],
 [ 0.0, 0.0, 0.0, 0.0, 0.0, 0.0, 0.0, 0.0, 0.0, 0.0, 0.0, 0.0, 0.0, 0.0, 0.0, 0.0, 0.0, 0.0 ],
 [ -0.0029529664382313, -0.00275717224497325, -0.00158133225104425, 0.0, 0.0, -0.00158133225104425, 0.0, 0.0, -0.00196650611945115, 0.0, 0.0, 0.0, 0.0, 0.0, 0.0, 0.0, 0.0, 0.0 ]
    ], [
  [ -0.0063798156275932, -0.00448032358664765, 0.0, -0.0093223645964497, 0.0, 0.0029529664382313, -0.0063693981582178, 0.0, 0.0, 0.0016573419306928, 0.0, 0.0, 0.0, 0.0, 0.0, 0.0, 0.0, -0.0029529664382313 ],
