{
  "observable": "r_ggF2j_mjj_0T350_ptH_60T120_ptHjj_0T25",
  "params": [ "CHG", "CuH", "CuG", "CHbox", "CG", "CHD", "CHl3", "Cll" ],

  "linear": [ 35.9, -0.1219, 1.337, 0.1212, -0.05, -0.0303, -0.1212, 0.0606 ],

  "quadratic": [
  [ 324.0, -1.0965, 11.8, 1.087, -0.0645, -0.27175, -1.087, 0.5435 ],
 [ -1.0965, 0.00371, -0.04075, -0.003695, 0.00152, 0.00092375, 0.003695, -0.0018475 ],
 [ 11.8, -0.04075, 0.449, 0.04055, -0.01715, -0.0101375, -0.04055, 0.020275 ],
 [ 1.087, -0.003695, 0.04055, 0.00368, -0.001515, -0.00092, -0.00368, 0.00184 ],
 [ -0.0645, 0.00152, -0.01715, -0.001515, 0.00815, 0.00037875, 0.001515, -0.0007575 ],
 [ -0.27175, 0.00092375, -0.0101375, -0.00092, 0.00037875, -9.46875e-05, -0.00037875, 0.000189375 ],
 [ -1.087, 0.003695, -0.04055, -0.00368, 0.001515, -0.00037875, -0.001515, 0.0007575 ],
 [ 0.5435, -0.0018475, 0.020275, 0.00184, -0.0007575, 0.000189375, 0.0007575, -0.00037875 ]
  ],
  "lambda_gen": 1000.0
}