{
  "observable": "r_ggF2j_mjj_0T350_ptH_0T60_ptHjj_0T25",
  "params": [ "CHG", "CuH", "CuG", "CHbox", "CG", "CHD", "CHl3", "Cll" ],

  "linear": [ 35.9, -0.1219, 1.333, 0.1212, -0.0215, -0.0303, -0.1212, 0.0606 ],

  "quadratic": [
  [ 323.0, -1.0955, 11.75, 1.086, -0.0295, -0.2715, -1.086, 0.543 ],
 [ -1.0955, 0.00371, -0.0406, -0.003695, 0.000655, 0.00092375, 0.003695, -0.0018475 ],
 [ 11.75, -0.0406, 0.445, 0.0404, -0.00765, -0.0101, -0.0404, 0.0202 ],
 [ 1.086, -0.003695, 0.0404, 0.00368, -0.00065, -0.00092, -0.00368, 0.00184 ],
 [ -0.0295, 0.000655, -0.00765, -0.00065, 0.00465, 0.0001625, 0.00065, -0.000325 ],
 [ -0.2715, 0.00092375, -0.0101, -0.00092, 0.0001625, -4.0625e-05, -0.0001625, 8.125e-05 ],
 [ -1.086, 0.003695, -0.0404, -0.00368, 0.00065, -0.0001625, -0.00065, 0.000325 ],
 [ 0.543, -0.0018475, 0.0202, 0.00184, -0.000325, 8.125e-05, 0.000325, -0.0001625 ]
  ],
  "lambda_gen": 1000.0
}