{
  "observable": "r_ggF2j_mjj_1500Tinf_ptH_0T200_ptHjj_25Tinf",
  "params": [ "CHG", "CuH", "CuG", "CHbox", "CG", "CHD", "CHl3", "Cll" ],

  "linear": [ 37.1, -0.1219, 1.382, 0.1212, -0.009, -0.0303, -0.1212, 0.0606 ],

  "quadratic": [
  [ 354.0, -1.135, 12.9, 1.125, -0.0945, -0.28125, -1.125, 0.5625 ],
 [ -1.135, 0.00371, -0.0421, -0.003695, 0.00025, 0.00092375, 0.003695, -0.0018475 ],
 [ 12.9, -0.0421, 0.494, 0.0419, -0.0125, -0.010475, -0.0419, 0.02095 ],
 [ 1.125, -0.003695, 0.0419, 0.00368, -0.00025, -0.00092, -0.00368, 0.00184 ],
 [ -0.0945, 0.00025, -0.0125, -0.00025, 0.1276, 6.25e-05, 0.00025, -0.000125 ],
 [ -0.28125, 0.00092375, -0.010475, -0.00092, 6.25e-05, -1.5625e-05, -6.25e-05, 3.125e-05 ],
 [ -1.125, 0.003695, -0.0419, -0.00368, 0.00025, -6.25e-05, -0.00025, 0.000125 ],
 [ 0.5625, -0.0018475, 0.02095, 0.00184, -0.000125, 3.125e-05, 0.000125, -6.25e-05 ]
  ],
  "lambda_gen": 1000.0
}