{
  "observable": "r_ggF1j_ptH_200Tinf",
  "params": [ "CHG", "CuH", "CuG", "CHbox", "CG", "CHD", "CHl3", "Cll" ],

  "linear": [ 41.2, -0.1219, 1.177, 0.1212, -0.126, -0.0303, -0.1212, 0.0606 ],

  "quadratic": [
  [ 461.0, -1.255, 13.1, 1.245, -0.2225, -0.31125, -1.245, 0.6225 ],
 [ -1.255, 0.00371, -0.03585, -0.003695, 0.00385, 0.00092375, 0.003695, -0.0018475 ],
 [ 13.1, -0.03585, 0.394, 0.0357, -0.0471, -0.008925, -0.0357, 0.01785 ],
 [ 1.245, -0.003695, 0.0357, 0.00368, -0.003815, -0.00092, -0.00368, 0.00184 ],
 [ -0.2225, 0.00385, -0.0471, -0.003815, 0.1685, 0.00095375, 0.003815, -0.0019075 ],
 [ -0.31125, 0.00092375, -0.008925, -0.00092, 0.00095375, -0.0002384375, -0.00095375, 0.000476875 ],
 [ -1.245, 0.003695, -0.0357, -0.00368, 0.003815, -0.00095375, -0.003815, 0.0019075 ],
 [ 0.6225, -0.0018475, 0.01785, 0.00184, -0.0019075, 0.000476875, 0.0019075, -0.00095375 ]
  ],
  "lambda_gen": 1000.0
}