{
  "observable": "r_ggF2j_mjj_700T1000_ptH_0T200_ptHjj_0T25",
  "params": [ "CHG", "CuH", "CuG", "CHbox", "CG", "CHD", "CHl3", "Cll" ],

  "linear": [ 35.6, -0.1219, 1.328, 0.1212, -0.025, -0.0303, -0.1212, 0.0606 ],

  "quadratic": [
  [ 325.0, -1.0875, 11.85, 1.078, -0.088, -0.2695, -1.078, 0.539 ],
 [ -1.0875, 0.00371, -0.04045, -0.003695, 0.00075, 0.00092375, 0.003695, -0.0018475 ],
 [ 11.85, -0.04045, 0.452, 0.04025, -0.016, -0.0100625, -0.04025, 0.020125 ],
 [ 1.078, -0.003695, 0.04025, 0.00368, -0.00075, -0.00092, -0.00368, 0.00184 ],
 [ -0.088, 0.00075, -0.016, -0.00075, 0.0798, 0.0001875, 0.00075, -0.000375 ],
 [ -0.2695, 0.00092375, -0.0100625, -0.00092, 0.0001875, -4.6875e-05, -0.0001875, 9.375e-05 ],
 [ -1.078, 0.003695, -0.04025, -0.00368, 0.00075, -0.0001875, -0.00075, 0.000375 ],
 [ 0.539, -0.0018475, 0.020125, 0.00184, -0.000375, 9.375e-05, 0.000375, -0.0001875 ]
  ],
  "lambda_gen": 1000.0
}