{
  "observable": "r_ggF_ptH_200Tinf",
  "params": [ "CHG", "CuH", "CuG", "CHbox", "CG", "CHD", "CHl3", "Cll" ],

  "linear": [ 41.2, -0.1219, 1.445, 0.1212, -0.168, -0.0303, -0.1212, 0.0606 ],

  "quadratic": [
  [ 463.0, -1.2575, 16.1, 1.2475, -0.31, -0.311875, -1.2475, 0.62375 ],
 [ -1.2575, 0.00371, -0.04405, -0.003695, 0.0051, 0.00092375, 0.003695, -0.0018475 ],
 [ 16.1, -0.04405, 0.606, 0.0438, -0.074, -0.01095, -0.0438, 0.0219 ],
 [ 1.2475, -0.003695, 0.0438, 0.00368, -0.0051, -0.00092, -0.00368, 0.00184 ],
 [ -0.31, 0.0051, -0.074, -0.0051, 0.2276, 0.001275, 0.0051, -0.00255 ],
 [ -0.311875, 0.00092375, -0.01095, -0.00092, 0.001275, -0.00031875, -0.001275, 0.0006375 ],
 [ -1.2475, 0.003695, -0.0438, -0.00368, 0.0051, -0.001275, -0.0051, 0.00255 ],
 [ 0.62375, -0.0018475, 0.0219, 0.00184, -0.00255, 0.0006375, 0.00255, -0.001275 ]
  ],
  "lambda_gen": 1000.0
}