{
  "observable": "r_ggF1j_ptH_0T60",
  "params": [ "CHG", "CuH", "CuG", "CHbox", "CG", "CHD", "CHl3", "Cll" ],

  "linear": [ 35.9, -0.1219, 0.963, 0.1212, -0.0114, -0.0303, -0.1212, 0.0606 ],

  "quadratic": [
  [ 323.0, -1.097, 8.515, 1.088, -0.0132, -0.272, -1.088, 0.544 ],
 [ -1.097, 0.00371, -0.02935, -0.003695, 0.000346, 0.00092375, 0.003695, -0.0018475 ],
 [ 8.515, -0.02935, 0.232, 0.0292, -0.002735, -0.0073, -0.0292, 0.0146 ],
 [ 1.088, -0.003695, 0.0292, 0.00368, -0.0003445, -0.00092, -0.00368, 0.00184 ],
 [ -0.0132, 0.000346, -0.002735, -0.0003445, 0.0002143, 8.6125e-05, 0.0003445, -0.00017225 ],
 [ -0.272, 0.00092375, -0.0073, -0.00092, 8.6125e-05, -2.153125e-05, -8.6125e-05, 4.30625e-05 ],
 [ -1.088, 0.003695, -0.0292, -0.00368, 0.0003445, -8.6125e-05, -0.0003445, 0.00017225 ],
 [ 0.544, -0.0018475, 0.0146, 0.00184, -0.00017225, 4.30625e-05, 0.00017225, -8.6125e-05 ]
  ],
  "lambda_gen": 1000.0
}