{
  "observable": "r_ggF2j_mjj_400Tinf_ptH_0T200_1p0",
  "params": [ "CHG", "CuH", "CuG", "CHbox", "CG", "CHD", "CHl3", "Cll" ],

  "linear": [ 36.0, -0.1219, 1.344, 0.1212, -0.113, -0.0303, -0.1212, 0.0606 ],

  "quadratic": [
  [ 328.0, -1.1, 11.97, 1.0905, -0.1885, -0.272625, -1.0905, 0.54525 ],
 [ -1.1, 0.00371, -0.04095, -0.003695, 0.00345, 0.00092375, 0.003695, -0.0018475 ],
 [ 11.97, -0.04095, 0.457, 0.04075, -0.0435, -0.0101875, -0.04075, 0.020375 ],
 [ 1.0905, -0.003695, 0.04075, 0.00368, -0.0034, -0.00092, -0.00368, 0.00184 ],
 [ -0.1885, 0.00345, -0.0435, -0.0034, 0.07, 0.00085, 0.0034, -0.0017 ],
 [ -0.272625, 0.00092375, -0.0101875, -0.00092, 0.00085, -0.0002125, -0.00085, 0.000425 ],
 [ -1.0905, 0.003695, -0.04075, -0.00368, 0.0034, -0.00085, -0.0034, 0.0017 ],
 [ 0.54525, -0.0018475, 0.020375, 0.00184, -0.0017, 0.000425, 0.0017, -0.00085 ]
  ],
  "lambda_gen": 1000.0
}