{
  "dsig_dpTZ_WZ_CMS_13TeV":{
  "params": [ "cpdc", "cpWB", "cpl2", "c3pl1", "c3pl2", "cpmu", "cll", "cpqMi", "cpq3i", "cWWW", "cpQ3", "c3pl3", "cpQM", "cpd", "cpe", "cpl1", "cpl3", "cpta", "cpu" ],

  "constant":  [ 0.041549, 0.116338, 0.161972, 0.174648, 0.153099, 0.121408, 0.090035, 0.064049, 0.041549, 0.025704, 0.010176 ],
  
  "linear": [
  [ -2.385206227e-05, -0.003091517502, 0.0002196997614, 0.00590186528, 0.005891463589, 0.0002278920982, -0.00756309471, 0.0008668834314, -0.01983336755, -0.003198385342, -0.00263632316, -0.001631929286, -0.00131816158, 0.0006900494454, 0.0002300164818, 0.0002300164818, 0.0002300164818, 0.0002300164818, -0.0009200659272 ],
 [ 0.0001706721234, -0.008402334195, 0.00060338909, 0.01728998627, 0.01744465359, 0.0006305335819, -0.02229961619, 0.001955390668, -0.05427261042, -0.007290859011, -0.007796809801, -0.004818494, -0.003898404901, 0.002040790886, 0.0006802636287, 0.0006802636287, 0.0006802636287, 0.0006802636287, -0.002721054515 ],
 [ 0.0006485964623, -0.01023001176, 0.0009807589907, 0.02430439079, 0.02409487403, 0.0009331601139, -0.03078449137, 0.0009882964772, -0.06865462625, -0.006966685788, -0.01079318651, -0.00666764834, -0.005396593255, 0.002825083236, 0.0009416944119, 0.0009416944119, 0.0009416944119, 0.0009416944119, -0.003766777648 ],
 [ 0.001217912451, -0.007741259141, 0.000899004303, 0.02378938577, 0.0237333866, 0.000930897068, -0.03033563131, -0.002513380212, -0.05647165713, -0.002335343598, -0.01066982104, -0.006565473412, -0.005334910522, 0.002792792706, 0.0009309309021, 0.0009309309021, 0.0009309309021, 0.0009309309021, -0.003723723609 ],
 [ 0.00126900588, -0.003554439925, 0.0006355143051, 0.01720109463, 0.01723570383, 0.0006718323457, -0.02191252656, -0.003949603087, -0.02649406847, 0.002778248365, -0.007761476813, -0.004757948754, -0.003880738407, 0.002031542586, 0.0006771808619, 0.0006771808619, 0.0006771808619, 0.0006771808619, -0.002708723448 ],
 [ 0.000863307024, -0.001174923999, 0.0004543537033, 0.01090346439, 0.01091910618, 0.0004603358719, -0.01390935806, -0.002759996167, -0.005517727933, 0.004520615409, -0.004916244281, -0.003015804278, -0.002458122141, 0.001286811758, 0.0004289372525, 0.0004289372525, 0.0004289372525, 0.0004289372525, -0.00171574901 ],
 [ 0.0005362456515, -0.0002084593067, 0.000299127937, 0.006628835957, 0.006650267636, 0.0002726721139, -0.008476166754, -0.001693230169, 0.004542518894, 0.004350979931, -0.002996452209, -0.001832569699, -0.001498226104, 0.0007843121115, 0.0002614373705, 0.0002614373705, 0.0002614373705, 0.0002614373705, -0.001045749482 ],
 [ 0.0003310863228, 0.00014011833, 0.0001844514274, 0.004015481328, 0.004038416297, 0.0001717442053, -0.005147523212, -0.0009785592709, 0.008224569896, 0.003546280848, -0.001816142386, -0.001113165641, -0.0009080711929, 0.0004753696606, 0.0001584565535, 0.0001584565535, 0.0001584565535, 0.0001584565535, -0.0006338262141 ],
 [ 0.0001848012133, 0.0002437362509, 0.0001167264939, 0.00226506269, 0.00227972578, 9.743781679e-05, -0.002900273592, -0.0005304456645, 0.00886305958, 0.002505313766, -0.001021390521, -0.0006279428678, -0.0005106952607, 0.0002673458146, 8.911527152e-05, 8.911527152e-05, 8.911527152e-05, 8.911527152e-05, -0.0003564610861 ],
 [ 8.054359983e-05, 0.0001955040559, 4.521668819e-05, 0.001060407082, 0.001068316443, 4.315781508e-05, -0.001355394448, -0.0002290540433, 0.007566385418, 0.00150404619, -0.0004789523636, -0.0002953337271, -0.0002394761818, 0.000125364302, 4.178810066e-05, 4.178810066e-05, 4.178810066e-05, 4.178810066e-05, -0.0001671524027 ],
 [ 2.399909921e-05, 8.381698425e-05, 1.514456645e-05, 0.0003387373243, 0.0003427975352, 1.37242358e-05, -0.0004352265616, -6.307649535e-05, 0.00461720186, 0.0005857892305, -0.0001554910171, -9.428125883e-05, -7.774550854e-05, 4.069929351e-05, 1.356643117e-05, 1.356643117e-05, 1.356643117e-05, 1.356643117e-05, -5.426572468e-05 ]
  ],
  "quadratic": [
  [ [ -0.000108860008, -0.00010975959435, -3.3263310655e-06, -2.2494237765e-05, -2.169462315e-05, -1.8766428895e-05, 2.754548648e-05, 8.202409885e-06, 1.8801368545e-06, -4.0339349555e-06, -6.966295665e-06, -5.39598925e-06, -3.4831478325e-06, -4.101059704e-05, -1.3670199015e-05, -1.3670199015e-05, -1.3670199015e-05, -1.3670199015e-05, 5.468079605e-05 ],
 [ -0.00010975959435, -2.337759087e-05, 2.677871319e-05, -0.00019763100105, -0.0001957122952, -5.709865335e-05, 0.00026868367655, -2.162483354e-05, 0.0005402882945, 2.928487052e-05, 7.31533426e-05, 3.3676986925e-05, 3.65766713e-05, -6.502342235e-05, -2.1674474115e-05, -2.1674474115e-05, -2.1674474115e-05, -2.1674474115e-05, 8.669789645e-05 ],
 [ -3.3263310655e-06, 2.677871319e-05, -3.024571073e-05, 8.58039543e-06, 9.877280845e-06, 1.0038047075e-06, -1.0769395735e-05, -3.2418531975e-05, 0.0002678187914, 9.804237015e-05, -8.304310725e-06, -3.199514289e-06, -4.1521553625e-06, 2.173627686e-06, 7.24542562e-07, 7.24542562e-07, 7.24542562e-07, 7.24542562e-07, -2.8981702475e-06 ],
 [ -2.2494237765e-05, -0.00019763100105, 8.58039543e-06, 0.0001996915296, 0.0002577092211, 7.42651781e-06, -0.0003236173491, 9.554868405e-05, -0.0012369250825, -0.00027997831735, -0.0001020137769, -6.42020414e-05, -5.100688845e-05, 2.6701791045e-05, 8.900597015e-06, 8.900597015e-06, 8.900597015e-06, 8.900597015e-06, -3.5602388065e-05 ],
 [ -2.169462315e-05, -0.0001957122952, 9.877280845e-06, 0.0002577092211, 0.0001982855502, 7.437198735e-06, -0.0003216645433, 9.350757795e-05, -0.001207340285, -0.00026859599655, -0.00010174934345, -6.403835255e-05, -5.08746717e-05, 2.6632576405e-05, 8.87752547e-06, 8.87752547e-06, 8.87752547e-06, 8.87752547e-06, -3.551010187e-05 ],
 [ -1.8766428895e-05, -5.709865335e-05, 1.0038047075e-06, 7.42651781e-06, 7.437198735e-06, -1.410621319e-05, -1.3811114865e-05, 3.1979246055e-05, -0.0002955461918, -9.26185602e-05, -8.51257763e-06, -3.3284350775e-06, -4.256288815e-06, 2.228140905e-06, 7.42713635e-07, 7.42713635e-07, 7.42713635e-07, 7.42713635e-07, -2.9708545395e-06 ],
 [ 2.754548648e-05, 0.00026868367655, -1.0769395735e-05, -0.0003236173491, -0.0003216645433, -1.3811114865e-05, 0.0004173790668, -0.0001405076542, 0.0018368094885, 0.00043343583015, 0.00014129051975, 8.92801649e-05, 7.064525985e-05, -3.698235719e-05, -1.2327452395e-05, -1.2327452395e-05, -1.2327452395e-05, -1.2327452395e-05, 4.9309809585e-05 ],
 [ 8.202409885e-06, -2.162483354e-05, -3.2418531975e-05, 9.554868405e-05, 9.350757795e-05, 3.1979246055e-05, -0.0001405076542, -6.379154262e-05, -5.515447785e-05, 5.99200779e-05, -1.6599914095e-05, -1.4157624915e-05, -8.29995705e-06, 4.3449762485e-06, 1.448325416e-06, 1.448325416e-06, 1.448325416e-06, 1.448325416e-06, -5.793301665e-06 ],
 [ 1.8801368545e-06, 0.0005402882945, 0.0002678187914, -0.0012369250825, -0.001207340285, -0.0002955461918, 0.0018368094885, -5.515447785e-05, 0.002181835263, 7.76920198e-05, 0.0004919134038, 0.00030521171995, 0.0002459567019, -0.00012875681425, -4.291893808e-05, -4.291893808e-05, -4.291893808e-05, -4.291893808e-05, 0.00017167575235 ],
 [ -4.0339349555e-06, 2.928487052e-05, 9.804237015e-05, -0.00027997831735, -0.00026859599655, -9.26185602e-05, 0.00043343583015, 5.99200779e-05, 7.76920198e-05, -0.001869627096, 0.0, 0.0, 0.0, 0.0, 0.0, 0.0, 0.0, 0.0, 0.0 ],
 [ -6.966295665e-06, 7.31533426e-05, -8.304310725e-06, -0.0001020137769, -0.00010174934345, -8.51257763e-06, 0.00014129051975, -1.6599914095e-05, 0.0004919134038, 0.0, -8.952835128e-05, 3.8531869875e-05, -4.476417564e-05, -2.5699752155e-05, -8.56658405e-06, -8.56658405e-06, -8.56658405e-06, -8.56658405e-06, 3.426633621e-05 ],
 [ -5.39598925e-06, 3.3676986925e-05, -3.199514289e-06, -6.42020414e-05, -6.403835255e-05, -3.3284350775e-06, 8.92801649e-05, -1.4157624915e-05, 0.00030521171995, 0.0, 3.8531869875e-05, -3.18223742e-05, 1.926593494e-05, -1.008559794e-05, -3.36186598e-06, -3.36186598e-06, -3.36186598e-06, -3.36186598e-06, 1.344746392e-05 ],
 [ -3.4831478325e-06, 3.65766713e-05, -4.1521553625e-06, -5.100688845e-05, -5.08746717e-05, -4.256288815e-06, 7.064525985e-05, -8.29995705e-06, 0.0002459567019, 0.0, -4.476417564e-05, 1.926593494e-05, -2.238208782e-05, -1.284987608e-05, -4.283292026e-06, -4.283292026e-06, -4.283292026e-06, -4.283292026e-06, 1.7133168105e-05 ],
 [ -4.101059704e-05, -6.502342235e-05, 2.173627686e-06, 2.6701791045e-05, 2.6632576405e-05, 2.228140905e-06, -3.698235719e-05, 4.3449762485e-06, -0.00012875681425, 0.0, -2.5699752155e-05, -1.008559794e-05, -1.284987608e-05, -0.0001340585599, 2.242276919e-06, 2.242276919e-06, 2.242276919e-06, 2.242276919e-06, -8.969107675e-06 ],
 [ -1.3670199015e-05, -2.1674474115e-05, 7.24542562e-07, 8.900597015e-06, 8.87752547e-06, 7.42713635e-07, -1.2327452395e-05, 1.448325416e-06, -4.291893808e-05, 0.0, -8.56658405e-06, -3.36186598e-06, -4.283292026e-06, 2.242276919e-06, -1.489539554e-05, 7.474256395e-07, 7.474256395e-07, 7.474256395e-07, -2.989702559e-06 ],
 [ -1.3670199015e-05, -2.1674474115e-05, 7.24542562e-07, 8.900597015e-06, 8.87752547e-06, 7.42713635e-07, -1.2327452395e-05, 1.448325416e-06, -4.291893808e-05, 0.0, -8.56658405e-06, -3.36186598e-06, -4.283292026e-06, 2.242276919e-06, 7.474256395e-07, -3.053821673e-05, 7.474256395e-07, 7.474256395e-07, -2.989702559e-06 ],
 [ -1.3670199015e-05, -2.1674474115e-05, 7.24542562e-07, 8.900597015e-06, 8.87752547e-06, 7.42713635e-07, -1.2327452395e-05, 1.448325416e-06, -4.291893808e-05, 0.0, -8.56658405e-06, -3.36186598e-06, -4.283292026e-06, 2.242276919e-06, 7.474256395e-07, 7.474256395e-07, -3.053821673e-05, 7.474256395e-07, -2.989702559e-06 ],
 [ -1.3670199015e-05, -2.1674474115e-05, 7.24542562e-07, 8.900597015e-06, 8.87752547e-06, 7.42713635e-07, -1.2327452395e-05, 1.448325416e-06, -4.291893808e-05, 0.0, -8.56658405e-06, -3.36186598e-06, -4.283292026e-06, 2.242276919e-06, 7.474256395e-07, 7.474256395e-07, 7.474256395e-07, -1.489539554e-05, -2.989702559e-06 ],
 [ 5.468079605e-05, 8.669789645e-05, -2.8981702475e-06, -3.5602388065e-05, -3.551010187e-05, -2.9708545395e-06, 4.9309809585e-05, -5.793301665e-06, 0.00017167575235, 0.0, 3.426633621e-05, 1.344746392e-05, 1.7133168105e-05, -8.969107675e-06, -2.989702559e-06, -2.989702559e-06, -2.989702559e-06, -2.989702559e-06, -8.189811686e-05 ]
    ], [
  [ -0.0003272309096, -0.00033891767575, -1.4654580405e-05, -4.2853567205e-05, -2.9582365555e-05, -5.2704448e-05, 4.29406731e-05, 4.7193773075e-05, -3.2547804455e-05, 1.0198364815e-05, -2.7123250655e-05, -1.958698816e-05, -1.356162533e-05, -0.00011958025415, -3.986008472e-05, -3.986008472e-05, -3.986008472e-05, -3.986008472e-05, 0.0001594403389 ],
 [ -0.00033891767575, -0.0001255943063, 4.9499239725e-05, -0.0005096783035, -0.000509887655, -0.00014557861655, 0.000710519165, -9.65269945e-06, 0.001393549128, 1.8744469445e-05, 0.0002005632892, 8.704381805e-05, 0.0001002816446, -0.0001881723666, -6.27241222e-05, -6.27241222e-05, -6.27241222e-05, -6.27241222e-05, 0.0002508964888 ],
 [ -1.4654580405e-05, 4.9499239725e-05, -8.092461352e-05, 2.753547396e-05, 1.7607755725e-05, 2.7009219635e-06, -1.4582035635e-05, -0.000102286216, 0.00068374452, 0.0002240765206, -2.3743362445e-05, -8.60274243e-06, -1.187168122e-05, 6.21475179e-06, 2.0715839305e-06, 2.0715839305e-06, 2.0715839305e-06, 2.0715839305e-06, -8.286335725e-06 ],
 [ -4.2853567205e-05, -0.0005096783035, 2.753547396e-05, 0.0005390787666, 0.000730304205, 1.289549625e-05, -0.000905096864, 0.0002396354054, -0.00319914996, -0.0006344519225, -0.00029336790385, -0.00018257594755, -0.00014668395195, 7.67881428e-05, 2.5596047605e-05, 2.5596047605e-05, 2.5596047605e-05, 2.5596047605e-05, -0.0001023841904 ],
 [ -2.9582365555e-05, -0.000509887655, 1.7607755725e-05, 0.000730304205, 0.0005782909931, 2.068625373e-05, -0.000936284319, 0.0002297776897, -0.003189218256, -0.000605821188, -0.00029731199385, -0.0001850134283, -0.00014865599695, 7.78204962e-05, 2.5940165395e-05, 2.5940165395e-05, 2.5940165395e-05, 2.5940165395e-05, -0.0001037606616 ],
 [ -5.2704448e-05, -0.00014557861655, 2.7009219635e-06, 1.289549625e-05, 2.068625373e-05, -5.094774963e-05, -3.1129065975e-05, 9.177322805e-05, -0.000736495831, -0.0002105747056, -2.4435559875e-05, -9.03052626e-06, -1.221777994e-05, 6.39593233e-06, 2.131977444e-06, 2.131977444e-06, 2.131977444e-06, 2.131977444e-06, -8.527909775e-06 ],
 [ 4.29406731e-05, 0.000710519165, -1.4582035635e-05, -0.000905096864, -0.000936284319, -3.1129065975e-05, 0.001203877496, -0.00036353897805, 0.0048232373025, 0.00097528248, 0.00041072749775, 0.0002569200984, 0.0002053637489, -0.00010750665405, -3.583555136e-05, -3.583555136e-05, -3.583555136e-05, -3.583555136e-05, 0.00014334220545 ],
 [ 4.7193773075e-05, -9.65269945e-06, -0.000102286216, 0.0002396354054, 0.0002297776897, 9.177322805e-05, -0.00036353897805, -0.0003909569812, -0.00036785845895, 0.00015933811975, -3.315008226e-05, -3.262873982e-05, -1.657504113e-05, 8.676931655e-06, 2.892310551e-06, 2.892310551e-06, 2.892310551e-06, 2.892310551e-06, -1.1569242205e-05 ],
 [ -3.2547804455e-05, 0.001393549128, 0.00068374452, -0.00319914996, -0.003189218256, -0.000736495831, 0.0048232373025, -0.00036785845895, 0.004378518783, -0.00018507115775, 0.001338360558, 0.0008258659765, 0.000669180279, -0.00035031174275, -0.0001167705809, -0.0001167705809, -0.0001167705809, -0.0001167705809, 0.00046708232365 ],
 [ 1.0198364815e-05, 1.8744469445e-05, 0.0002240765206, -0.0006344519225, -0.000605821188, -0.0002105747056, 0.00097528248, 0.00015933811975, -0.00018507115775, -0.005477680435, 0.0, 0.0, 0.0, 0.0, 0.0, 0.0, 0.0, 0.0, 0.0 ],
 [ -2.7123250655e-05, 0.0002005632892, -2.3743362445e-05, -0.00029336790385, -0.00029731199385, -2.4435559875e-05, 0.00041072749775, -3.315008226e-05, 0.001338360558, 0.0, -0.0002605537149, 0.0001124855372, -0.00013027685745, -7.711109905e-05, -2.5703699685e-05, -2.5703699685e-05, -2.5703699685e-05, -2.5703699685e-05, 0.00010281479875 ],
 [ -1.958698816e-05, 8.704381805e-05, -8.60274243e-06, -0.00018257594755, -0.0001850134283, -9.03052626e-06, 0.0002569200984, -3.262873982e-05, 0.0008258659765, 0.0, 0.0001124855372, -9.534671854e-05, 5.62427686e-05, -2.944274197e-05, -9.814247325e-06, -9.814247325e-06, -9.814247325e-06, -9.814247325e-06, 3.925698929e-05 ],
 [ -1.356162533e-05, 0.0001002816446, -1.187168122e-05, -0.00014668395195, -0.00014865599695, -1.221777994e-05, 0.0002053637489, -1.657504113e-05, 0.000669180279, 0.0, -0.00013027685745, 5.62427686e-05, -6.513842874e-05, -3.855554953e-05, -1.2851849845e-05, -1.2851849845e-05, -1.2851849845e-05, -1.2851849845e-05, 5.140739935e-05 ],
 [ -0.00011958025415, -0.0001881723666, 6.21475179e-06, 7.67881428e-05, 7.78204962e-05, 6.39593233e-06, -0.00010750665405, 8.676931655e-06, -0.00035031174275, 0.0, -7.711109905e-05, -2.944274197e-05, -3.855554953e-05, -0.000396183009, 6.72786401e-06, 6.72786401e-06, 6.72786401e-06, 6.72786401e-06, -2.6911456045e-05 ],
 [ -3.986008472e-05, -6.27241222e-05, 2.0715839305e-06, 2.5596047605e-05, 2.5940165395e-05, 2.131977444e-06, -3.583555136e-05, 2.892310551e-06, -0.0001167705809, 0.0, -2.5703699685e-05, -9.814247325e-06, -1.2851849845e-05, 6.72786401e-06, -4.402033434e-05, 2.242621337e-06, 2.242621337e-06, 2.242621337e-06, -8.97048535e-06 ],
 [ -3.986008472e-05, -6.27241222e-05, 2.0715839305e-06, 2.5596047605e-05, 2.5940165395e-05, 2.131977444e-06, -3.583555136e-05, 2.892310551e-06, -0.0001167705809, 0.0, -2.5703699685e-05, -9.814247325e-06, -1.2851849845e-05, 6.72786401e-06, 2.242621337e-06, -9.028329001e-05, 2.242621337e-06, 2.242621337e-06, -8.97048535e-06 ],
 [ -3.986008472e-05, -6.27241222e-05, 2.0715839305e-06, 2.5596047605e-05, 2.5940165395e-05, 2.131977444e-06, -3.583555136e-05, 2.892310551e-06, -0.0001167705809, 0.0, -2.5703699685e-05, -9.814247325e-06, -1.2851849845e-05, 6.72786401e-06, 2.242621337e-06, 2.242621337e-06, -9.028329001e-05, 2.242621337e-06, -8.97048535e-06 ],
 [ -3.986008472e-05, -6.27241222e-05, 2.0715839305e-06, 2.5596047605e-05, 2.5940165395e-05, 2.131977444e-06, -3.583555136e-05, 2.892310551e-06, -0.0001167705809, 0.0, -2.5703699685e-05, -9.814247325e-06, -1.2851849845e-05, 6.72786401e-06, 2.242621337e-06, 2.242621337e-06, 2.242621337e-06, -4.402033434e-05, -8.97048535e-06 ],
 [ 0.0001594403389, 0.0002508964888, -8.286335725e-06, -0.0001023841904, -0.0001037606616, -8.527909775e-06, 0.00014334220545, -1.1569242205e-05, 0.00046708232365, 0.0, 0.00010281479875, 3.925698929e-05, 5.140739935e-05, -2.6911456045e-05, -8.97048535e-06, -8.97048535e-06, -8.97048535e-06, -8.97048535e-06, -0.0002416957927 ]
    ], [
  [ -0.0004551846877, -0.0004958947971, -4.094431312e-05, -2.058900406e-05, -2.5413321195e-05, -7.37808258e-05, -7.29973868e-09, 8.04148946e-05, -0.00012857025345, -2.473423428e-05, -4.7880226525e-05, -3.3946078175e-05, -2.394011326e-05, -0.0001628312001, -5.42770667e-05, -5.42770667e-05, -5.42770667e-05, -5.42770667e-05, 0.0002171082668 ],
 [ -0.0004958947971, -0.0002790407382, 2.040630684e-05, -0.0006109343025, -0.0005862737425, -0.000163268973, 0.0008008444335, 6.347148245e-05, 0.0014681591465, -8.001048845e-05, 0.00024073733295, 0.00010048589915, 0.0001203686665, -0.00025082900155, -8.36096672e-05, -8.36096672e-05, -8.36096672e-05, -8.36096672e-05, 0.0003344386687 ],
 [ -4.094431312e-05, 2.040630684e-05, -0.0001262907055, 3.0414711265e-05, 4.260484479e-05, 2.389320696e-06, -6.38896268e-05, -0.0001053018053, 0.000712150487, 0.00019619992015, -3.642469834e-05, -1.447837511e-05, -1.821234917e-05, 9.5340523e-06, 3.1780174325e-06, 3.1780174325e-06, 3.1780174325e-06, 3.1780174325e-06, -1.271206973e-05 ],
 [ -2.058900406e-05, -0.0006109343025, 3.0414711265e-05, 0.0008722774388, 0.00107943427, 4.6472413045e-05, -0.0013629444825, 0.0001788638973, -0.0040518010805, -0.0005999583875, -0.0004267614412, -0.0002694069762, -0.0002133807206, 0.00011170348925, 3.7234496415e-05, 3.7234496415e-05, 3.7234496415e-05, 3.7234496415e-05, -0.00014893798565 ],
 [ -2.5413321195e-05, -0.0005862737425, 4.260484479e-05, 0.00107943427, 0.0008327605809, 3.901163219e-05, -0.001326545407, 0.0001720685436, -0.003954802496, -0.000601816785, -0.00042141911535, -0.0002661066765, -0.00021070955765, 0.00011030515195, 3.6768383985e-05, 3.6768383985e-05, 3.6768383985e-05, 3.6768383985e-05, -0.00014707353595 ],
 [ -7.37808258e-05, -0.000163268973, 2.389320696e-06, 4.6472413045e-05, 3.901163219e-05, -6.154071188e-05, -4.915013208e-05, 8.019498095e-05, -0.000862995891, -0.0001964416379, -3.521100682e-05, -1.372859948e-05, -1.760550341e-05, 9.21637229e-06, 3.072124097e-06, 3.072124097e-06, 3.072124097e-06, 3.072124097e-06, -1.228849639e-05 ],
 [ -7.29973868e-09, 0.0008008444335, -6.38896268e-05, -0.0013629444825, -0.001326545407, -4.915013208e-05, 0.001692232592, -0.0002896214753, 0.005895522855, 0.0009249169395, 0.0005808697745, 0.00036817622775, 0.00029043488735, -0.0001520408696, -5.068028985e-05, -5.068028985e-05, -5.068028985e-05, -5.068028985e-05, 0.0002027211595 ],
 [ 8.04148946e-05, 6.347148245e-05, -0.0001053018053, 0.0001788638973, 0.0001720685436, 8.019498095e-05, -0.0002896214753, -0.0006839370812, -0.0004942872667, 0.00011031726255, -2.3659242895e-06, -1.750861101e-05, -1.1829621445e-06, 6.19273376e-07, 2.0642445865e-07, 2.0642445865e-07, 2.0642445865e-07, 2.0642445865e-07, -8.256978345e-07 ],
 [ -0.00012857025345, 0.0014681591465, 0.000712150487, -0.0040518010805, -0.003954802496, -0.000862995891, 0.005895522855, -0.0004942872667, 0.003600602083, -0.0008095072055, 0.00170667162, 0.00105967374, 0.00085333581, -0.0004467160257, -0.0001489053419, -0.0001489053419, -0.0001489053419, -0.0001489053419, 0.0005956213675 ],
 [ -2.473423428e-05, -8.001048845e-05, 0.00019619992015, -0.0005999583875, -0.000601816785, -0.0001964416379, 0.0009249169395, 0.00011031726255, -0.0008095072055, -0.00740637101, 0.0, 0.0, 0.0, 0.0, 0.0, 0.0, 0.0, 0.0, 0.0 ],
 [ -4.7880226525e-05, 0.00024073733295, -3.642469834e-05, -0.0004267614412, -0.00042141911535, -3.521100682e-05, 0.0005808697745, -2.3659242895e-06, 0.00170667162, 0.0, -0.0003624427392, 0.0001588904868, -0.0001812213696, -0.0001062858513, -3.54286171e-05, -3.54286171e-05, -3.54286171e-05, -3.54286171e-05, 0.0001417144684 ],
 [ -3.3946078175e-05, 0.00010048589915, -1.447837511e-05, -0.0002694069762, -0.0002661066765, -1.372859948e-05, 0.00036817622775, -1.750861101e-05, 0.00105967374, 0.0, 0.0001588904868, -0.000128931344, 7.94452434e-05, -4.158909421e-05, -1.3863031405e-05, -1.3863031405e-05, -1.3863031405e-05, -1.3863031405e-05, 5.54521256e-05 ],
 [ -2.394011326e-05, 0.0001203686665, -1.821234917e-05, -0.0002133807206, -0.00021070955765, -1.760550341e-05, 0.00029043488735, -1.1829621445e-06, 0.00085333581, 0.0, -0.0001812213696, 7.94452434e-05, -9.06106848e-05, -5.314292565e-05, -1.771430855e-05, -1.771430855e-05, -1.771430855e-05, -1.771430855e-05, 7.08572342e-05 ],
 [ -0.0001628312001, -0.00025082900155, 9.5340523e-06, 0.00011170348925, 0.00011030515195, 9.21637229e-06, -0.0001520408696, 6.19273376e-07, -0.0004467160257, 0.0, -0.0001062858513, -4.158909421e-05, -5.314292565e-05, -0.0005485596409, 9.27333111e-06, 9.27333111e-06, 9.27333111e-06, 9.27333111e-06, -3.709332444e-05 ],
 [ -5.42770667e-05, -8.36096672e-05, 3.1780174325e-06, 3.7234496415e-05, 3.6768383985e-05, 3.072124097e-06, -5.068028985e-05, 2.0642445865e-07, -0.0001489053419, 0.0, -3.54286171e-05, -1.3863031405e-05, -1.771430855e-05, 9.27333111e-06, -6.095107121e-05, 3.09111037e-06, 3.09111037e-06, 3.09111037e-06, -1.236444148e-05 ],
 [ -5.42770667e-05, -8.36096672e-05, 3.1780174325e-06, 3.7234496415e-05, 3.6768383985e-05, 3.072124097e-06, -5.068028985e-05, 2.0642445865e-07, -0.0001489053419, 0.0, -3.54286171e-05, -1.3863031405e-05, -1.771430855e-05, 9.27333111e-06, 3.09111037e-06, -0.0001249932528, 3.09111037e-06, 3.09111037e-06, -1.236444148e-05 ],
 [ -5.42770667e-05, -8.36096672e-05, 3.1780174325e-06, 3.7234496415e-05, 3.6768383985e-05, 3.072124097e-06, -5.068028985e-05, 2.0642445865e-07, -0.0001489053419, 0.0, -3.54286171e-05, -1.3863031405e-05, -1.771430855e-05, 9.27333111e-06, 3.09111037e-06, 3.09111037e-06, -0.0001249932528, 3.09111037e-06, -1.236444148e-05 ],
 [ -5.42770667e-05, -8.36096672e-05, 3.1780174325e-06, 3.7234496415e-05, 3.6768383985e-05, 3.072124097e-06, -5.068028985e-05, 2.0642445865e-07, -0.0001489053419, 0.0, -3.54286171e-05, -1.3863031405e-05, -1.771430855e-05, 9.27333111e-06, 3.09111037e-06, 3.09111037e-06, 3.09111037e-06, -6.095107121e-05, -1.236444148e-05 ],
 [ 0.0002171082668, 0.0003344386687, -1.271206973e-05, -0.00014893798565, -0.00014707353595, -1.228849639e-05, 0.0002027211595, -8.256978345e-07, 0.0005956213675, 0.0, 0.0001417144684, 5.54521256e-05, 7.08572342e-05, -3.709332444e-05, -1.236444148e-05, -1.236444148e-05, -1.236444148e-05, -1.236444148e-05, -0.0003347953236 ]
    ], [
  [ -0.0004652656572, -0.0005336982405, -5.36126088e-05, 3.0226947445e-05, 2.960167124e-05, -4.603401747e-05, -7.70016098e-05, 0.0001078400831, -0.0001885954925, -3.205818333e-06, -6.2611406e-05, -4.2815312615e-05, -3.1305702995e-05, -0.00015697096295, -5.23236543e-05, -5.23236543e-05, -5.23236543e-05, -5.23236543e-05, 0.00020929461725 ],
 [ -0.0005336982405, -0.0004361074017, -5.188336615e-05, -0.00039461732675, -0.0003877451948, -9.134271095e-05, 0.00047289222545, 0.00019421121705, 0.0006764363455, -0.000177869818, 0.0001811525953, 6.307507595e-05, 9.057629765e-05, -0.0002330861465, -7.769538215e-05, -7.769538215e-05, -7.769538215e-05, -7.769538215e-05, 0.00031078152865 ],
 [ -5.36126088e-05, -5.188336615e-05, -0.000121256149, 3.3147108085e-05, 3.7162257035e-05, 2.552106875e-06, -4.63976068e-05, 1.4678175245e-05, 0.0003813564962, 7.632740345e-05, -3.4683057255e-05, -1.334963747e-05, -1.734152863e-05, 9.078183125e-06, 3.026061041e-06, 3.026061041e-06, 3.026061041e-06, 3.026061041e-06, -1.2104244165e-05 ],
 [ 3.0226947445e-05, -0.00039461732675, 3.3147108085e-05, 0.0008252374612, 0.0010483176045, 3.9986703815e-05, -0.0013175967865, -0.00013268758815, -0.00297896627, -0.00019534883525, -0.0004244569252, -0.00026292295125, -0.0002122284626, 0.0001111002893, 3.7033429765e-05, 3.7033429765e-05, 3.7033429765e-05, 3.7033429765e-05, -0.00014813371905 ],
 [ 2.960167124e-05, -0.0003877451948, 3.7162257035e-05, 0.0010483176045, 0.0008178473496, 3.8415691165e-05, -0.001310327722, -0.0001324742111, -0.002941153157, -0.0002015602449, -0.0004230255866, -0.000262042204, -0.0002115127933, 0.00011072564085, 3.690854695e-05, 3.690854695e-05, 3.690854695e-05, 3.690854695e-05, -0.0001476341878 ],
 [ -4.603401747e-05, -9.134271095e-05, 2.552106875e-06, 3.9986703815e-05, 3.8415691165e-05, -6.266251754e-05, -5.110057755e-05, -2.335827062e-05, -0.0005244757945, -6.50545286e-05, -3.5498236245e-05, -1.3851242505e-05, -1.7749118125e-05, 9.291553705e-06, 3.097184569e-06, 3.097184569e-06, 3.097184569e-06, 3.097184569e-06, -1.2388738275e-05 ],
 [ -7.70016098e-05, 0.00047289222545, -4.63976068e-05, -0.0013175967865, -0.001310327722, -5.110057755e-05, 0.00168103819, 0.0001815580032, 0.0043170451095, 0.00030527965605, 0.000582726929, 0.0003627197336, 0.0002913634644, -0.00015252697395, -5.084232465e-05, -5.084232465e-05, -5.084232465e-05, -5.084232465e-05, 0.0002033692986 ],
 [ 0.0001078400831, 0.00019421121705, 1.4678175245e-05, -0.00013268758815, -0.0001324742111, -2.335827062e-05, 0.0001815580032, -0.0007571483095, -0.0001407075164, 4.1774735065e-05, 8.76510109e-05, 3.795054154e-05, 4.3825505455e-05, -2.294238141e-05, -7.64746047e-06, -7.64746047e-06, -7.64746047e-06, -7.64746047e-06, 3.058984188e-05 ],
 [ -0.0001885954925, 0.0006764363455, 0.0003813564962, -0.00297896627, -0.002941153157, -0.0005244757945, 0.0043170451095, -0.0001407075164, -0.0002739047295, -0.0012957816625, 0.001412512337, 0.0008676289045, 0.0007062561685, -0.00036972074195, -0.0001232402473, -0.0001232402473, -0.0001232402473, -0.0001232402473, 0.00049296098925 ],
 [ -3.205818333e-06, -0.000177869818, 7.632740345e-05, -0.00019534883525, -0.0002015602449, -6.50545286e-05, 0.00030527965605, 4.1774735065e-05, -0.0012957816625, -0.006699613165, 0.0, 0.0, 0.0, 0.0, 0.0, 0.0, 0.0, 0.0, 0.0 ],
 [ -6.2611406e-05, 0.0001811525953, -3.4683057255e-05, -0.0004244569252, -0.0004230255866, -3.5498236245e-05, 0.000582726929, 8.76510109e-05, 0.001412512337, 0.0, -0.0003528509119, 0.000158761468, -0.00017642545595, -0.00010649730315, -3.549910105e-05, -3.549910105e-05, -3.549910105e-05, -3.549910105e-05, 0.0001419964042 ],
 [ -4.2815312615e-05, 6.307507595e-05, -1.334963747e-05, -0.00026292295125, -0.000262042204, -1.3851242505e-05, 0.0003627197336, 3.795054154e-05, 0.0008676289045, 0.0, 0.000158761468, -0.0001271322483, 7.9380734e-05, -4.1555323935e-05, -1.3851774645e-05, -1.3851774645e-05, -1.3851774645e-05, -1.3851774645e-05, 5.54070986e-05 ],
 [ -3.1305702995e-05, 9.057629765e-05, -1.734152863e-05, -0.0002122284626, -0.0002115127933, -1.7749118125e-05, 0.0002913634644, 4.3825505455e-05, 0.0007062561685, 0.0, -0.00017642545595, 7.9380734e-05, -8.821272799e-05, -5.324865155e-05, -1.7749550525e-05, -1.7749550525e-05, -1.7749550525e-05, -1.7749550525e-05, 7.09982021e-05 ],
 [ -0.00015697096295, -0.0002330861465, 9.078183125e-06, 0.0001111002893, 0.00011072564085, 9.291553705e-06, -0.00015252697395, -2.294238141e-05, -0.00036972074195, 0.0, -0.00010649730315, -4.1555323935e-05, -5.324865155e-05, -0.00054191631, 9.291780065e-06, 9.291780065e-06, 9.291780065e-06, 9.291780065e-06, -3.7167120265e-05 ],
 [ -5.23236543e-05, -7.769538215e-05, 3.026061041e-06, 3.7033429765e-05, 3.690854695e-05, 3.097184569e-06, -5.084232465e-05, -7.64746047e-06, -0.0001232402473, 0.0, -3.549910105e-05, -1.3851774645e-05, -1.7749550525e-05, 9.291780065e-06, -6.021292333e-05, 3.097260022e-06, 3.097260022e-06, 3.097260022e-06, -1.238904009e-05 ],
 [ -5.23236543e-05, -7.769538215e-05, 3.026061041e-06, 3.7033429765e-05, 3.690854695e-05, 3.097184569e-06, -5.084232465e-05, -7.64746047e-06, -0.0001232402473, 0.0, -3.549910105e-05, -1.3851774645e-05, -1.7749550525e-05, 9.291780065e-06, 3.097260022e-06, -0.0001235231067, 3.097260022e-06, 3.097260022e-06, -1.238904009e-05 ],
 [ -5.23236543e-05, -7.769538215e-05, 3.026061041e-06, 3.7033429765e-05, 3.690854695e-05, 3.097184569e-06, -5.084232465e-05, -7.64746047e-06, -0.0001232402473, 0.0, -3.549910105e-05, -1.3851774645e-05, -1.7749550525e-05, 9.291780065e-06, 3.097260022e-06, 3.097260022e-06, -0.0001235231067, 3.097260022e-06, -1.238904009e-05 ],
 [ -5.23236543e-05, -7.769538215e-05, 3.026061041e-06, 3.7033429765e-05, 3.690854695e-05, 3.097184569e-06, -5.084232465e-05, -7.64746047e-06, -0.0001232402473, 0.0, -3.549910105e-05, -1.3851774645e-05, -1.7749550525e-05, 9.291780065e-06, 3.097260022e-06, 3.097260022e-06, 3.097260022e-06, -6.021292333e-05, -1.238904009e-05 ],
 [ 0.00020929461725, 0.00031078152865, -1.2104244165e-05, -0.00014813371905, -0.0001476341878, -1.2388738275e-05, 0.0002033692986, 3.058984188e-05, 0.00049296098925, 0.0, 0.0001419964042, 5.54070986e-05, 7.09982021e-05, -3.7167120265e-05, -1.238904009e-05, -1.238904009e-05, -1.238904009e-05, -1.238904009e-05, -0.0003303049398 ]
    ], [
  [ -0.0003441986326, -0.0004038481976, -5.325646535e-05, 5.2848321e-05, 4.9607094705e-05, -2.5783256535e-05, -0.00010641126015, 9.6939226e-05, -0.0001748793207, -1.850954294e-06, -5.507324e-05, -3.700814754e-05, -2.7536620005e-05, -0.00011169035345, -3.7230117815e-05, -3.7230117815e-05, -3.7230117815e-05, -3.7230117815e-05, 0.00014892047125 ],
 [ -0.0004038481976, -0.0004393546595, -0.0001009734335, -0.0001008114218, -0.0001084511125, -1.0023614835e-05, 6.28377717e-05, 0.00021918446405, -0.00021452231675, -0.0001843962164, 7.70143848e-05, 1.2455222265e-05, 3.8507192395e-05, -0.00015521897835, -5.173965945e-05, -5.173965945e-05, -5.173965945e-05, -5.173965945e-05, 0.0002069586378 ],
 [ -5.325646535e-05, -0.0001009734335, -8.693769442e-05, 2.313120086e-05, 2.131347749e-05, 1.6644237435e-06, -3.1067372765e-05, 7.714846305e-05, -0.000146278488, -7.843557655e-05, -2.4536474005e-05, -9.31017473e-06, -1.2268237e-05, 6.422346295e-06, 2.140782098e-06, 2.140782098e-06, 2.140782098e-06, 2.140782098e-06, -8.56312839e-06 ],
 [ 5.2848321e-05, -0.0001008114218, 2.313120086e-05, 0.0005863949957, 0.000754009797, 2.4753250275e-05, -0.0009340921965, -0.0002821422234, -0.0008814520395, 0.00024097300485, -0.00030298967545, -0.00018881828705, -0.00015149483775, 7.93066118e-05, 2.643553727e-05, 2.643553727e-05, 2.643553727e-05, 2.643553727e-05, -0.0001057421491 ],
 [ 4.9607094705e-05, -0.0001084511125, 2.131347749e-05, 0.000754009797, 0.0005931114549, 2.668819288e-05, -0.0009398955575, -0.00027299556475, -0.0008960868965, 0.0002318728664, -0.00030387432935, -0.00018936059855, -0.0001519371647, 7.953816725e-05, 2.6512722415e-05, 2.6512722415e-05, 2.6512722415e-05, 2.6512722415e-05, -0.00010605088965 ],
 [ -2.5783256535e-05, -1.0023614835e-05, 1.6644237435e-06, 2.4753250275e-05, 2.668819288e-05, -4.527486367e-05, -3.0778964055e-05, -8.205797415e-05, 4.360674681e-05, 8.452716045e-05, -2.5464808055e-05, -9.879263055e-06, -1.273240403e-05, 6.665334865e-06, 2.221778288e-06, 2.221778288e-06, 2.221778288e-06, 2.221778288e-06, -8.887113155e-06 ],
 [ -0.00010641126015, 6.28377717e-05, -3.1067372765e-05, -0.0009340921965, -0.0009398955575, -3.0778964055e-05, 0.00118375418, 0.0004194781263, 0.001170706639, -0.00037091604235, 0.00041599193275, 0.00026034109775, 0.0002079959664, -0.00010888460365, -3.629486789e-05, -3.629486789e-05, -3.629486789e-05, -3.629486789e-05, 0.00014517947155 ],
 [ 9.6939226e-05, 0.00021918446405, 7.714846305e-05, -0.0002821422234, -0.00027299556475, -8.205797415e-05, 0.0004194781263, -0.0006327777598, -7.859656345e-05, -4.456120024e-05, 0.0001175406256, 6.059247785e-05, 5.87703128e-05, -3.076589574e-05, -1.025529858e-05, -1.025529858e-05, -1.025529858e-05, -1.025529858e-05, 4.102119432e-05 ],
 [ -0.0001748793207, -0.00021452231675, -0.000146278488, -0.0008814520395, -0.0008960868965, 4.360674681e-05, 0.001170706639, -7.859656345e-05, -0.004215026818, -0.0011221750955, 0.000649238421, 0.00040003470685, 0.00032461921055, -0.00016993615165, -5.66453839e-05, -5.66453839e-05, -5.66453839e-05, -5.66453839e-05, 0.0002265815355 ],
 [ -1.850954294e-06, -0.0001843962164, -7.843557655e-05, 0.00024097300485, 0.0002318728664, 8.452716045e-05, -0.00037091604235, -4.456120024e-05, -0.0011221750955, -0.003557399569, 0.0, 0.0, 0.0, 0.0, 0.0, 0.0, 0.0, 0.0, 0.0 ],
 [ -5.507324e-05, 7.70143848e-05, -2.4536474005e-05, -0.00030298967545, -0.00030387432935, -2.5464808055e-05, 0.00041599193275, 0.0001175406256, 0.000649238421, 0.0, -0.0002592089999, 0.00011419128475, -0.00012960449995, -7.680456825e-05, -2.5601522745e-05, -2.5601522745e-05, -2.5601522745e-05, -2.5601522745e-05, 0.000102406091 ],
 [ -3.700814754e-05, 1.2455222265e-05, -9.31017473e-06, -0.00018881828705, -0.00018936059855, -9.879263055e-06, 0.00026034109775, 6.059247785e-05, 0.00040003470685, 0.0, 0.00011419128475, -9.249825574e-05, 5.709564235e-05, -2.9889216115e-05, -9.96307204e-06, -9.96307204e-06, -9.96307204e-06, -9.96307204e-06, 3.9852288155e-05 ],
 [ -2.7536620005e-05, 3.8507192395e-05, -1.2268237e-05, -0.00015149483775, -0.0001519371647, -1.273240403e-05, 0.0002079959664, 5.87703128e-05, 0.00032461921055, 0.0, -0.00012960449995, 5.709564235e-05, -6.480224998e-05, -3.840228412e-05, -1.2800761375e-05, -1.2800761375e-05, -1.2800761375e-05, -1.2800761375e-05, 5.12030455e-05 ],
 [ -0.00011169035345, -0.00015521897835, 6.422346295e-06, 7.93066118e-05, 7.953816725e-05, 6.665334865e-06, -0.00010888460365, -3.076589574e-05, -0.00016993615165, 0.0, -7.680456825e-05, -2.9889216115e-05, -3.840228412e-05, -0.0003943763841, 6.701119515e-06, 6.701119515e-06, 6.701119515e-06, 6.701119515e-06, -2.680447805e-05 ],
 [ -3.7230117815e-05, -5.173965945e-05, 2.140782098e-06, 2.643553727e-05, 2.6512722415e-05, 2.221778288e-06, -3.629486789e-05, -1.025529858e-05, -5.66453839e-05, 0.0, -2.5601522745e-05, -9.96307204e-06, -1.2800761375e-05, 6.701119515e-06, -4.381959824e-05, 2.233706504e-06, 2.233706504e-06, 2.233706504e-06, -8.934826015e-06 ],
 [ -3.7230117815e-05, -5.173965945e-05, 2.140782098e-06, 2.643553727e-05, 2.6512722415e-05, 2.221778288e-06, -3.629486789e-05, -1.025529858e-05, -5.66453839e-05, 0.0, -2.5601522745e-05, -9.96307204e-06, -1.2800761375e-05, 6.701119515e-06, 2.233706504e-06, -8.987290298e-05, 2.233706504e-06, 2.233706504e-06, -8.934826015e-06 ],
 [ -3.7230117815e-05, -5.173965945e-05, 2.140782098e-06, 2.643553727e-05, 2.6512722415e-05, 2.221778288e-06, -3.629486789e-05, -1.025529858e-05, -5.66453839e-05, 0.0, -2.5601522745e-05, -9.96307204e-06, -1.2800761375e-05, 6.701119515e-06, 2.233706504e-06, 2.233706504e-06, -8.987290298e-05, 2.233706504e-06, -8.934826015e-06 ],
 [ -3.7230117815e-05, -5.173965945e-05, 2.140782098e-06, 2.643553727e-05, 2.6512722415e-05, 2.221778288e-06, -3.629486789e-05, -1.025529858e-05, -5.66453839e-05, 0.0, -2.5601522745e-05, -9.96307204e-06, -1.2800761375e-05, 6.701119515e-06, 2.233706504e-06, 2.233706504e-06, 2.233706504e-06, -4.381959824e-05, -8.934826015e-06 ],
 [ 0.00014892047125, 0.0002069586378, -8.56312839e-06, -0.0001057421491, -0.00010605088965, -8.887113155e-06, 0.00014517947155, 4.102119432e-05, 0.0002265815355, 0.0, 0.000102406091, 3.9852288155e-05, 5.12030455e-05, -2.680447805e-05, -8.934826015e-06, -8.934826015e-06, -8.934826015e-06, -8.934826015e-06, -0.0002405805244 ]
    ], [
  [ -0.0002231454505, -0.0002582518263, -3.5127087935e-05, 3.7810928075e-05, 3.499972196e-05, -1.520621922e-05, -7.21090467e-05, 6.88056927e-05, -9.193493785e-05, 5.9305658e-06, -3.612444321e-05, -2.4168216315e-05, -1.8062221605e-05, -7.04218569e-05, -2.3473952295e-05, -2.3473952295e-05, -2.3473952295e-05, -2.3473952295e-05, 9.38958092e-05 ],
 [ -0.0002582518263, -0.0003242312378, -0.00010642157935, 3.4360324325e-05, 2.5490960915e-05, 2.233121308e-05, -0.0001061275964, 0.0001423595125, -0.0005300600365, -8.65786837e-05, 1.972299774e-05, -1.0184033635e-05, 9.86149887e-06, -9.07120546e-05, -3.023735154e-05, -3.023735154e-05, -3.023735154e-05, -3.023735154e-05, 0.00012094940615 ],
 [ -3.5127087935e-05, -0.00010642157935, -5.991106649e-05, 1.8882988305e-05, 1.6992187125e-05, -3.0981326945e-07, -2.67136495e-05, 5.44845875e-05, -0.00045578598215, -0.0001344964223, -1.664564254e-05, -6.54281482e-06, -8.32282127e-06, 4.356945527e-06, 1.4523151755e-06, 1.4523151755e-06, 1.4523151755e-06, 1.4523151755e-06, -5.809260705e-06 ],
 [ 3.7810928075e-05, 3.4360324325e-05, 1.8882988305e-05, 0.00036117148, 0.0004657993934, 1.8165985765e-05, -0.000578876349, -0.0001966571462, 0.00044097175375, 0.0003934181093, -0.0001851145121, -0.00011634581685, -9.255725605e-05, 4.8453151845e-05, 1.6151050615e-05, 1.6151050615e-05, 1.6151050615e-05, 1.6151050615e-05, -6.460420245e-05 ],
 [ 3.499972196e-05, 2.5490960915e-05, 1.6992187125e-05, 0.0004657993934, 0.0003620953231, 1.686832344e-05, -0.0005808355315, -0.00019249751115, 0.00040610764755, 0.00038194596, -0.000185513452, -0.0001165905412, -9.2756726e-05, 4.855757313e-05, 1.618585771e-05, 1.618585771e-05, 1.618585771e-05, 1.618585771e-05, -6.474343085e-05 ],
 [ -1.520621922e-05, 2.233121308e-05, -3.0981326945e-07, 1.8165985765e-05, 1.686832344e-05, -2.311555249e-05, -2.634879003e-05, -5.794443055e-05, 0.00034040815225, 0.0001258399492, -1.679821623e-05, -6.63640911e-06, -8.399108115e-06, 4.396881219e-06, 1.465627073e-06, 1.465627073e-06, 1.465627073e-06, 1.465627073e-06, -5.86250829e-06 ],
 [ -7.21090467e-05, -0.0001061275964, -2.67136495e-05, -0.000578876349, -0.0005808355315, -2.634879003e-05, 0.0007362470803, 0.0002945481768, -0.0007946996895, -0.000594005817, 0.0002552942157, 0.0001610707347, 0.00012764710785, -6.68224725e-05, -2.2274157505e-05, -2.2274157505e-05, -2.2274157505e-05, -2.2274157505e-05, 8.909663005e-05 ],
 [ 6.88056927e-05, 0.0001423595125, 5.44845875e-05, -0.0001966571462, -0.00019249751115, -5.794443055e-05, 0.0002945481768, -0.0004460219949, -0.0002994039417, -8.039985845e-05, 8.050793405e-05, 4.205005123e-05, 4.0253967025e-05, -2.1072703105e-05, -7.02423437e-06, -7.02423437e-06, -7.02423437e-06, -7.02423437e-06, 2.809693747e-05 ],
 [ -9.193493785e-05, -0.0005300600365, -0.00045578598215, 0.00044097175375, 0.00040610764755, 0.00034040815225, -0.0007946996895, -0.0002994039417, -0.004495776409, -0.00039021130575, 0.00011193408155, 7.137270685e-05, 5.596704075e-05, -2.929840015e-05, -9.766133385e-06, -9.766133385e-06, -9.766133385e-06, -9.766133385e-06, 3.9064533535e-05 ],
 [ 5.9305658e-06, -8.65786837e-05, -0.0001344964223, 0.0003934181093, 0.00038194596, 0.0001258399492, -0.000594005817, -8.039985845e-05, -0.00039021130575, -0.0003487955631, 0.0, 0.0, 0.0, 0.0, 0.0, 0.0, 0.0, 0.0, 0.0 ],
 [ -3.612444321e-05, 1.972299774e-05, -1.664564254e-05, -0.0001851145121, -0.000185513452, -1.679821623e-05, 0.0002552942157, 8.050793405e-05, 0.00011193408155, 0.0, -0.000166697369, 7.04324711e-05, -8.33486845e-05, -4.799220728e-05, -1.5997402425e-05, -1.5997402425e-05, -1.5997402425e-05, -1.5997402425e-05, 6.39896097e-05 ],
 [ -2.4168216315e-05, -1.0184033635e-05, -6.54281482e-06, -0.00011634581685, -0.0001165905412, -6.63640911e-06, 0.0001610707347, 4.205005123e-05, 7.137270685e-05, 0.0, 7.04324711e-05, -5.953723111e-05, 3.521623555e-05, -1.843548179e-05, -6.145160595e-06, -6.145160595e-06, -6.145160595e-06, -6.145160595e-06, 2.458064239e-05 ],
 [ -1.8062221605e-05, 9.86149887e-06, -8.32282127e-06, -9.255725605e-05, -9.2756726e-05, -8.399108115e-06, 0.00012764710785, 4.0253967025e-05, 5.596704075e-05, 0.0, -8.33486845e-05, 3.521623555e-05, -4.167434226e-05, -2.399610364e-05, -7.998701215e-06, -7.998701215e-06, -7.998701215e-06, -7.998701215e-06, 3.199480485e-05 ],
 [ -7.04218569e-05, -9.07120546e-05, 4.356945527e-06, 4.8453151845e-05, 4.855757313e-05, 4.396881219e-06, -6.68224725e-05, -2.1072703105e-05, -2.929840015e-05, 0.0, -4.799220728e-05, -1.843548179e-05, -2.399610364e-05, -0.0002499763252, 4.1872706795e-06, 4.1872706795e-06, 4.1872706795e-06, 4.1872706795e-06, -1.674908272e-05 ],
