{
  "observable_name": "mu_dsig_dmtt_ttbar_ljets_13TeV_ATLAS", 
  "measurement_name": "mu_dsig_dmtt_ttbar_ljets_13TeV_ATLAS", 
  "arxiv": "1908.07305", 
  "CDS": "http://cds.cern.ch/record/2687052", 
  "reportnumber": "CERN-EP-2019-149", 
  "DOI": "10.1140/epjc/s10052-019-7525-6", 
  "date": "2019/08/20", 
  "experiment": "CERN LHC Run 2, ATLAS", 
  "description": "Measurements of top-quark pair differential and double-differential cross-sections in the l+jets channel with p p collisions at $\\sqrt{s}=13$ TeV using the ATLAS detector. Absolute differential cross section in top pair invariant mass & covariance matrix obtained from hepdata record:https://www.hepdata.net/record/95758. Data & errors obtained from HepData (Table 619), corresponding to auxillary fig 29a of https://atlas.web.cern.ch/Atlas/GROUPS/PHYSICS/PAPERS/TOPQ-2018-15/. Correlation matrix computed from covariance matrix from HepData (Table 620). Result is normalised by PWG+PY8 prediction provided in Hepdata record, (no th. error included, it is subdominant to the syst. err.). bin edges: [ 325.,  400.,  480.,  580.,  700.,  860., 1020., 1250., 1500., 2000.]", 
  "value": [1.014, 0.978, 0.956, 0.962, 0.971, 1.056, 1.166, 1.187, 1.251], 
  "uncertainty": {
    "stat": [0.003, 0.002, 0.002, 0.003, 0.005, 0.009, 0.016, 0.03 , 0.061],
    "syst": [[0.207, 0.207], [0.112, 0.11 ], [0.093, 0.09 ], [0.098, 0.096], [0.092, 0.092], [0.088, 0.099], [0.122, 0.124], [0.125, 0.148], [0.318, 0.256]]
  }, 
  "uncertainty_sigma": 1, 
  "th_flat": true,
  "correlation_matrix":[
    [1.000, 0.839, 0.554, 0.727, 0.766, 0.521, 0.781, 0.648, 0.862],
    [0.839, 1.000, 0.9  , 0.921, 0.941, 0.838, 0.917, 0.793, 0.694],
    [0.554, 0.9  , 1.000, 0.938, 0.908, 0.923, 0.857, 0.727, 0.448],
    [0.727, 0.921, 0.938, 1.000, 0.958, 0.894, 0.932, 0.768, 0.65 ],
    [0.766, 0.941, 0.908, 0.958, 1.000, 0.894, 0.925, 0.805, 0.68 ],
    [0.521, 0.838, 0.923, 0.894, 0.894, 1.000, 0.881, 0.797, 0.461],
    [0.781, 0.917, 0.857, 0.932, 0.925, 0.881, 1.000, 0.854, 0.734],
    [0.648, 0.793, 0.727, 0.768, 0.805, 0.797, 0.854, 1.000, 0.634],
    [0.862, 0.694, 0.448, 0.65 , 0.68 , 0.461, 0.734, 0.634, 1.000]
  ]
}

