{
  "mu_dsig_dmtt_yt_ttbar_dilep_8TeV_CMS": {
    "params": [ "CtG", "CQq38", "CQq18", "Ctq8", "CQu8", "Ctu8", "CQd8", "Ctd8", "CG" ],
 
    "constant": [ 1.0, 1.0, 1.0, 1.0, 1.0, 1.0, 1.0, 1.0, 1.0, 1.0, 1.0, 1.0, 1.0, 1.0, 1.0, 1.0 ],
 
    "linear": [
  [ 0.312, 0.0005, 0.0091, 0.0092, 0.0056, 0.0039, 0.0042, 0.004, 0.027 ],
 [ 0.32, -0.0002, 0.0094, 0.0104, 0.0058, 0.0055, 0.0048, 0.0044, 0.027 ],
 [ 0.314, 0.0024, 0.0119, 0.0135, 0.0078, 0.0077, 0.0051, 0.0051, 0.026 ],
 [ 0.29, 0.0075, 0.0216, 0.0191, 0.0139, 0.0133, 0.0058, 0.0065, 0.022 ],
 [ 0.28, 0.00064, 0.0097, 0.0125, 0.0063, 0.005, 0.0051, 0.0047, 0.059 ],
 [ 0.276, 0.0016, 0.0107, 0.0135, 0.0078, 0.0058, 0.0056, 0.0047, 0.057 ],
 [ 0.273, 0.0023, 0.0146, 0.0159, 0.0099, 0.0088, 0.0058, 0.0055, 0.0555 ],
 [ 0.27, 0.0098, 0.0268, 0.0191, 0.0129, 0.0181, 0.0059, 0.0081, 0.059 ],
 [ 0.259, 0.0012, 0.013, 0.0198, 0.0127, 0.0073, 0.0084, 0.0061, 0.083 ],
 [ 0.257, 0.0024, 0.0144, 0.0208, 0.0131, 0.0087, 0.0088, 0.0066, 0.083 ],
 [ 0.262, 0.0059, 0.0209, 0.0204, 0.0144, 0.0123, 0.0071, 0.0082, 0.086 ],
 [ 0.249, 0.014, 0.034, 0.016, 0.0114, 0.0241, 0.0056, 0.0106, 0.101 ],
 [ 0.26, 0.005, 0.035, 0.0671, 0.043, 0.0187, 0.022, 0.0129, 0.094 ],
 [ 0.26, 0.007, 0.0375, 0.0528, 0.034, 0.024, 0.018, 0.014, 0.1 ],
 [ 0.245, 0.011, 0.045, 0.0366, 0.023, 0.03, 0.0117, 0.0146, 0.123 ],
 [ 0.234, 0.025, 0.06, 0.019, 0.013, 0.043, 0.0057, 0.0175, 0.138 ]
    ], 
    "quadratic": [
  [ [ 0.04149, 5e-05, 0.00039, 0.000525, 0.0003, 0.00032, 0.000245, 0.00019, 0.0285 ],
 [ 5e-05, 0.000252, 1.5e-05, 2e-05, 0.0, 0.0, 0.0, 0.0, 0.0 ],
 [ 0.00039, 1.5e-05, 0.000251, 0.00021, 0.0, 0.0, 0.0, 0.0, 0.0 ],
 [ 0.000525, 2e-05, 0.00021, 0.00033, 0.0, 0.0, 0.0, 0.0, 0.0 ],
 [ 0.0003, 0.0, 0.0, 0.0, 0.000179, 0.00011, 0.0, 0.0, 0.0 ],
 [ 0.00032, 0.0, 0.0, 0.0, 0.00011, 0.000135, 0.0, 0.0, 0.0 ],
 [ 0.000245, 0.0, 0.0, 0.0, 0.0, 0.0, 0.000145, 9.3e-05, 0.0 ],
 [ 0.00019, 0.0, 0.0, 0.0, 0.0, 0.0, 9.3e-05, 0.0001203, 0.0 ],
 [ 0.0285, 0.0, 0.0, 0.0, 0.0, 0.0, 0.0, 0.0, 0.107 ]
      ], [
  [ 0.0408, 8.5e-05, 0.00055, 0.00058, 0.000335, 0.000295, 0.00025, 0.000265, 0.03 ],
 [ 8.5e-05, 0.000284, 2e-05, 2e-05, 0.0, 0.0, 0.0, 0.0, 0.0 ],
 [ 0.00055, 2e-05, 0.000282, 0.000245, 0.0, 0.0, 0.0, 0.0, 0.0 ],
 [ 0.00058, 2e-05, 0.000245, 0.000361, 0.0, 0.0, 0.0, 0.0, 0.0 ],
 [ 0.000335, 0.0, 0.0, 0.0, 0.000201, 0.000129, 0.0, 0.0, 0.0 ],
 [ 0.000295, 0.0, 0.0, 0.0, 0.000129, 0.000153, 0.0, 0.0, 0.0 ],
 [ 0.00025, 0.0, 0.0, 0.0, 0.0, 0.0, 0.000154, 0.0001055, 0.0 ],
 [ 0.000265, 0.0, 0.0, 0.0, 0.0, 0.0, 0.0001055, 0.000128, 0.0 ],
 [ 0.03, 0.0, 0.0, 0.0, 0.0, 0.0, 0.0, 0.0, 0.105 ]
      ], [
  [ 0.0383, 0.0002, 0.000705, 0.000805, 0.00045, 0.000445, 0.00035, 0.000295, 0.028 ],
 [ 0.0002, 0.000376, 7e-05, 4.5e-05, 0.0, 0.0, 0.0, 0.0, 0.0 ],
 [ 0.000705, 7e-05, 0.000374, 0.000315, 0.0, 0.0, 0.0, 0.0, 0.0 ],
 [ 0.000805, 4.5e-05, 0.000315, 0.000451, 0.0, 0.0, 0.0, 0.0, 0.0 ],
 [ 0.00045, 0.0, 0.0, 0.0, 0.000279, 0.0001825, 0.0, 0.0, 0.0 ],
 [ 0.000445, 0.0, 0.0, 0.0, 0.0001825, 0.000222, 0.0, 0.0, 0.0 ],
 [ 0.00035, 0.0, 0.0, 0.0, 0.0, 0.0, 0.0001736, 0.000127, 0.0 ],
 [ 0.000295, 0.0, 0.0, 0.0, 0.0, 0.0, 0.000127, 0.000149, 0.0 ],
 [ 0.028, 0.0, 0.0, 0.0, 0.0, 0.0, 0.0, 0.0, 0.101 ]
      ], [
  [ 0.0316, 0.00055, 0.0012, 0.00115, 0.00085, 0.000825, 0.00036, 0.000375, 0.0285 ],
 [ 0.00055, 0.00066, 0.000255, 0.000205, 0.0, 0.0, 0.0, 0.0, 0.0 ],
 [ 0.0012, 0.000255, 0.000677, 0.0005, 0.0, 0.0, 0.0, 0.0, 0.0 ],
 [ 0.00115, 0.000205, 0.0005, 0.000604, 0.0, 0.0, 0.0, 0.0, 0.0 ],
 [ 0.00085, 0.0, 0.0, 0.0, 0.000413, 0.00035, 0.0, 0.0, 0.0 ],
 [ 0.000825, 0.0, 0.0, 0.0, 0.00035, 0.000466, 0.0, 0.0, 0.0 ],
 [ 0.00036, 0.0, 0.0, 0.0, 0.0, 0.0, 0.00018, 0.000152, 0.0 ],
 [ 0.000375, 0.0, 0.0, 0.0, 0.0, 0.0, 0.000152, 0.000208, 0.0 ],
 [ 0.0285, 0.0, 0.0, 0.0, 0.0, 0.0, 0.0, 0.0, 0.079 ]
      ], [
  [ 0.0391, 4e-05, 0.00051, 0.000695, 0.0004, 0.0003, 0.0003, 0.000235, 0.031 ],
 [ 4e-05, 0.000452, 2.8e-05, 2.65e-05, 0.0, 0.0, 0.0, 0.0, 0.0 ],
 [ 0.00051, 2.8e-05, 0.0004459, 0.000275, 0.0, 0.0, 0.0, 0.0, 0.0 ],
 [ 0.000695, 2.65e-05, 0.000275, 0.000724, 0.0, 0.0, 0.0, 0.0, 0.0 ],
 [ 0.0004, 0.0, 0.0, 0.0, 0.000421, 0.000149, 0.0, 0.0, 0.0 ],
 [ 0.0003, 0.0, 0.0, 0.0, 0.000149, 0.000237, 0.0, 0.0, 0.0 ],
 [ 0.0003, 0.0, 0.0, 0.0, 0.0, 0.0, 0.000307, 0.0001235, 0.0 ],
 [ 0.000235, 0.0, 0.0, 0.0, 0.0, 0.0, 0.0001235, 0.000211, 0.0 ],
 [ 0.031, 0.0, 0.0, 0.0, 0.0, 0.0, 0.0, 0.0, 0.134 ]
      ], [
  [ 0.0383, 0.000105, 0.000685, 0.000765, 0.000465, 0.00037, 0.000355, 0.000295, 0.032 ],
 [ 0.000105, 0.00051, 5e-05, 3.5e-05, 0.0, 0.0, 0.0, 0.0, 0.0 ],
 [ 0.000685, 5e-05, 0.000508, 0.000305, 0.0, 0.0, 0.0, 0.0, 0.0 ],
 [ 0.000765, 3.5e-05, 0.000305, 0.000774, 0.0, 0.0, 0.0, 0.0, 0.0 ],
 [ 0.000465, 0.0, 0.0, 0.0, 0.000454, 0.000173, 0.0, 0.0, 0.0 ],
 [ 0.00037, 0.0, 0.0, 0.0, 0.000173, 0.000281, 0.0, 0.0, 0.0 ],
 [ 0.000355, 0.0, 0.0, 0.0, 0.0, 0.0, 0.000312, 0.0001365, 0.0 ],
 [ 0.000295, 0.0, 0.0, 0.0, 0.0, 0.0, 0.0001365, 0.000227, 0.0 ],
 [ 0.032, 0.0, 0.0, 0.0, 0.0, 0.0, 0.0, 0.0, 0.129 ]
      ], [
  [ 0.0364, 0.000205, 0.0008, 0.000955, 0.000615, 0.00049, 0.0003275, 0.00033, 0.0295 ],
 [ 0.000205, 0.000702, 0.000155, 9.5e-05, 0.0, 0.0, 0.0, 0.0, 0.0 ],
 [ 0.0008, 0.000155, 0.00071, 0.000385, 0.0, 0.0, 0.0, 0.0, 0.0 ],
 [ 0.000955, 9.5e-05, 0.000385, 0.000869, 0.0, 0.0, 0.0, 0.0, 0.0 ],
 [ 0.000615, 0.0, 0.0, 0.0, 0.000547, 0.000235, 0.0, 0.0, 0.0 ],
 [ 0.00049, 0.0, 0.0, 0.0, 0.000235, 0.000431, 0.0, 0.0, 0.0 ],
 [ 0.0003275, 0.0, 0.0, 0.0, 0.0, 0.0, 0.00032, 0.000148, 0.0 ],
 [ 0.00033, 0.0, 0.0, 0.0, 0.0, 0.0, 0.000148, 0.000275, 0.0 ],
 [ 0.0295, 0.0, 0.0, 0.0, 0.0, 0.0, 0.0, 0.0, 0.124 ]
      ], [
  [ 0.03191, 0.00051, 0.00157, 0.00108, 0.00076, 0.0011, 0.000395, 0.000485, 0.027 ],
 [ 0.00051, 0.001415, 0.00054, 0.00021, 0.0, 0.0, 0.0, 0.0, 0.0 ],
 [ 0.00157, 0.00054, 0.0014, 0.000555, 0.0, 0.0, 0.0, 0.0, 0.0 ],
 [ 0.00108, 0.00021, 0.000555, 0.000858, 0.0, 0.0, 0.0, 0.0, 0.0 ],
 [ 0.00076, 0.0, 0.0, 0.0, 0.000591, 0.000395, 0.0, 0.0, 0.0 ],
 [ 0.0011, 0.0, 0.0, 0.0, 0.000395, 0.000977, 0.0, 0.0, 0.0 ],
 [ 0.000395, 0.0, 0.0, 0.0, 0.0, 0.0, 0.000264, 0.0001715, 0.0 ],
 [ 0.000485, 0.0, 0.0, 0.0, 0.0, 0.0, 0.0001715, 0.000436, 0.0 ],
 [ 0.027, 0.0, 0.0, 0.0, 0.0, 0.0, 0.0, 0.0, 0.104 ]
      ], [
  [ 0.0432, 0.000185, 0.001035, 0.0012, 0.00085, 0.000495, 0.00058, 0.000425, 0.0345 ],
 [ 0.000185, 0.0012, 8.5e-05, 5e-05, 0.0, 0.0, 0.0, 0.0, 0.0 ],
 [ 0.001035, 8.5e-05, 0.0012, 0.000465, 0.0, 0.0, 0.0, 0.0, 0.0 ],
 [ 0.0012, 5e-05, 0.000465, 0.00236, 0.0, 0.0, 0.0, 0.0, 0.0 ],
 [ 0.00085, 0.0, 0.0, 0.0, 0.001422, 0.0002675, 0.0, 0.0, 0.0 ],
 [ 0.000495, 0.0, 0.0, 0.0, 0.0002675, 0.000643, 0.0, 0.0, 0.0 ],
 [ 0.00058, 0.0, 0.0, 0.0, 0.0, 0.0, 0.000927, 0.000205, 0.0 ],
 [ 0.000425, 0.0, 0.0, 0.0, 0.0, 0.0, 0.000205, 0.000561, 0.0 ],
 [ 0.0345, 0.0, 0.0, 0.0, 0.0, 0.0, 0.0, 0.0, 0.235 ]
      ], [
  [ 0.0423, 0.000185, 0.00118, 0.001365, 0.00086, 0.000635, 0.00055, 0.00044, 0.032 ],
 [ 0.000185, 0.001375, 0.0001625, 0.00011, 0.0, 0.0, 0.0, 0.0, 0.0 ],
 [ 0.00118, 0.0001625, 0.001385, 0.000515, 0.0, 0.0, 0.0, 0.0, 0.0 ],
 [ 0.001365, 0.00011, 0.000515, 0.00231, 0.0, 0.0, 0.0, 0.0, 0.0 ],
 [ 0.00086, 0.0, 0.0, 0.0, 0.00142, 0.000315, 0.0, 0.0, 0.0 ],
 [ 0.000635, 0.0, 0.0, 0.0, 0.000315, 0.00078, 0.0, 0.0, 0.0 ],
 [ 0.00055, 0.0, 0.0, 0.0, 0.0, 0.0, 0.000879, 0.000215, 0.0 ],
 [ 0.00044, 0.0, 0.0, 0.0, 0.0, 0.0, 0.000215, 0.000602, 0.0 ],
 [ 0.032, 0.0, 0.0, 0.0, 0.0, 0.0, 0.0, 0.0, 0.23 ]
      ], [
  [ 0.0391, 0.00028, 0.00135, 0.0013, 0.0009, 0.000815, 0.00044, 0.000495, 0.035 ],
 [ 0.00028, 0.001927, 0.000475, 0.000165, 0.0, 0.0, 0.0, 0.0, 0.0 ],
 [ 0.00135, 0.000475, 0.00194, 0.00058, 0.0, 0.0, 0.0, 0.0, 0.0 ],
 [ 0.0013, 0.000165, 0.00058, 0.002056, 0.0, 0.0, 0.0, 0.0, 0.0 ],
 [ 0.0009, 0.0, 0.0, 0.0, 0.001313, 0.000375, 0.0, 0.0, 0.0 ],
 [ 0.000815, 0.0, 0.0, 0.0, 0.000375, 0.001216, 0.0, 0.0, 0.0 ],
 [ 0.00044, 0.0, 0.0, 0.0, 0.0, 0.0, 0.00075, 0.000211, 0.0 ],
 [ 0.000495, 0.0, 0.0, 0.0, 0.0, 0.0, 0.000211, 0.000733, 0.0 ],
 [ 0.035, 0.0, 0.0, 0.0, 0.0, 0.0, 0.0, 0.0, 0.201 ]
      ], [
  [ 0.0314, 0.000815, 0.00209, 0.001165, 0.00081, 0.001445, 0.00045, 0.00065, 0.022 ],
 [ 0.000815, 0.00348, 0.001355, 0.000255, 0.0, 0.0, 0.0, 0.0, 0.0 ],
 [ 0.00209, 0.001355, 0.0035, 0.000695, 0.0, 0.0, 0.0, 0.0, 0.0 ],
 [ 0.001165, 0.000255, 0.000695, 0.00137, 0.0, 0.0, 0.0, 0.0, 0.0 ],
 [ 0.00081, 0.0, 0.0, 0.0, 0.000915, 0.000505, 0.0, 0.0, 0.0 ],
 [ 0.001445, 0.0, 0.0, 0.0, 0.000505, 0.002418, 0.0, 0.0, 0.0 ],
 [ 0.00045, 0.0, 0.0, 0.0, 0.0, 0.0, 0.000449, 0.00022, 0.0 ],
 [ 0.00065, 0.0, 0.0, 0.0, 0.0, 0.0, 0.00022, 0.001071, 0.0 ],
 [ 0.022, 0.0, 0.0, 0.0, 0.0, 0.0, 0.0, 0.0, 0.144 ]
      ], [
  [ 0.0682, 0.0005, 0.0031, 0.00485, 0.0029, 0.0017, 0.001715, 0.00125, 0.06 ],
 [ 0.0005, 0.00982, 0.00183, 0.00037, 0.0, 0.0, 0.0, 0.0, 0.0 ],
 [ 0.0031, 0.00183, 0.00981, 0.001515, 0.0, 0.0, 0.0, 0.0, 0.0 ],
 [ 0.00485, 0.00037, 0.001515, 0.02087, 0.0, 0.0, 0.0, 0.0, 0.0 ],
 [ 0.0029, 0.0, 0.0, 0.0, 0.013702, 0.00094, 0.0, 0.0, 0.0 ],
 [ 0.0017, 0.0, 0.0, 0.0, 0.00094, 0.0059, 0.0, 0.0, 0.0 ],
 [ 0.001715, 0.0, 0.0, 0.0, 0.0, 0.0, 0.007183, 0.000585, 0.0 ],
 [ 0.00125, 0.0, 0.0, 0.0, 0.0, 0.0, 0.000585, 0.00401, 0.0 ],
 [ 0.06, 0.0, 0.0, 0.0, 0.0, 0.0, 0.0, 0.0, 0.9 ]
      ], [
  [ 0.0612, 0.00055, 0.003, 0.00395, 0.0023, 0.0019, 0.00135, 0.00115, 0.07 ],
 [ 0.00055, 0.01109, 0.002515, 0.00037, 0.0, 0.0, 0.0, 0.0, 0.0 ],
 [ 0.003, 0.002515, 0.01108, 0.00143, 0.0, 0.0, 0.0, 0.0, 0.0 ],
 [ 0.00395, 0.00037, 0.00143, 0.01719, 0.0, 0.0, 0.0, 0.0, 0.0 ],
 [ 0.0023, 0.0, 0.0, 0.0, 0.01128, 0.000885, 0.0, 0.0, 0.0 ],
 [ 0.0019, 0.0, 0.0, 0.0, 0.000885, 0.00679, 0.0, 0.0, 0.0 ],
 [ 0.00135, 0.0, 0.0, 0.0, 0.0, 0.0, 0.00589, 0.000515, 0.0 ],
 [ 0.00115, 0.0, 0.0, 0.0, 0.0, 0.0, 0.000515, 0.0043, 0.0 ],
 [ 0.07, 0.0, 0.0, 0.0, 0.0, 0.0, 0.0, 0.0, 0.761 ]
      ], [
  [ 0.0481, 0.00075, 0.00295, 0.00245, 0.00165, 0.00215, 0.00095, 0.00107, 0.0395 ],
 [ 0.00075, 0.01349, 0.00402, 0.000395, 0.0, 0.0, 0.0, 0.0, 0.0 ],
 [ 0.00295, 0.00402, 0.01348, 0.00115, 0.0, 0.0, 0.0, 0.0, 0.0 ],
 [ 0.00245, 0.000395, 0.00115, 0.01052, 0.0, 0.0, 0.0, 0.0, 0.0 ],
 [ 0.00165, 0.0, 0.0, 0.0, 0.00688, 0.0008, 0.0, 0.0, 0.0 ],
 [ 0.00215, 0.0, 0.0, 0.0, 0.0008, 0.00873, 0.0, 0.0, 0.0 ],
 [ 0.00095, 0.0, 0.0, 0.0, 0.0, 0.0, 0.00364, 0.000435, 0.0 ],
 [ 0.00107, 0.0, 0.0, 0.0, 0.0, 0.0, 0.000435, 0.004713, 0.0 ],
 [ 0.0395, 0.0, 0.0, 0.0, 0.0, 0.0, 0.0, 0.0, 0.51 ]
      ], [
  [ 0.0317, 0.0015, 0.0035, 0.00145, 0.001, 0.00235, 0.00058, 0.00105, 0.0245 ],
 [ 0.0015, 0.01726, 0.006915, 0.00045, 0.0, 0.0, 0.0, 0.0, 0.0 ],
 [ 0.0035, 0.006915, 0.0173, 0.00103, 0.0, 0.0, 0.0, 0.0, 0.0 ],
 [ 0.00145, 0.00045, 0.00103, 0.00456, 0.0, 0.0, 0.0, 0.0, 0.0 ],
 [ 0.001, 0.0, 0.0, 0.0, 0.00296, 0.000765, 0.0, 0.0, 0.0 ],
 [ 0.00235, 0.0, 0.0, 0.0, 0.000765, 0.01208, 0.0, 0.0, 0.0 ],
 [ 0.00058, 0.0, 0.0, 0.0, 0.0, 0.0, 0.001599, 0.000325, 0.0 ],
 [ 0.00105, 0.0, 0.0, 0.0, 0.0, 0.0, 0.000325, 0.00516, 0.0 ],
 [ 0.0245, 0.0, 0.0, 0.0, 0.0, 0.0, 0.0, 0.0, 0.22 ]
      ]
    ], 
    "lambda_gen": 1000.0
  }
}