{
  "mu_dsig_dmtt_ttbar_dilep_8TeV_ATLAS": {
    "params": [ "CtG", "CQq38", "CQq18", "Ctq8", "CQu8", "Ctu8", "CQd8", "Ctd8", "CG" ],
 
    "constant": [ 1.0, 1.0, 1.0, 1.0, 1.0, 1.0 ],
 
    "linear": [
  [ 0.293, 0.0029, 0.01282, 0.01336, 0.0081, 0.0079, 0.00523, 0.00495, 0.0378 ],
 [ 0.263, 0.0037, 0.0164, 0.0167, 0.01041, 0.01001, 0.0064, 0.00619, 0.0743 ],
 [ 0.256, 0.0057, 0.024, 0.0238, 0.015, 0.0147, 0.009, 0.0088, 0.0993 ],
 [ 0.259, 0.011, 0.036, 0.0359, 0.024, 0.025, 0.0126, 0.0136, 0.115 ],
 [ 0.26, 0.014, 0.056, 0.054, 0.036, 0.037, 0.0217, 0.0213, 0.125 ],
 [ 0.247, 0.04, 0.128, 0.106, 0.074, 0.083, 0.036, 0.037, 0.137 ]
    ], 
    "quadratic": [
  [ [ 0.03795, 0.00016, 0.00073, 0.00075, 0.0004785, 0.000435, 0.00029, 0.0002905, 0.03 ],
 [ 0.00016, 0.000469, 0.000102, 6.6e-05, 0.0, 0.0, 0.0, 0.0, 0.0 ],
 [ 0.00073, 0.000102, 0.000468, 0.0003185, 0.0, 0.0, 0.0, 0.0, 0.0 ],
 [ 0.00075, 6.6e-05, 0.0003185, 0.0005319, 0.0, 0.0, 0.0, 0.0, 0.0 ],
 [ 0.0004785, 0.0, 0.0, 0.0, 0.000325, 0.000192, 0.0, 0.0, 0.0 ],
 [ 0.000435, 0.0, 0.0, 0.0, 0.000192, 0.0002849, 0.0, 0.0, 0.0 ],
 [ 0.00029, 0.0, 0.0, 0.0, 0.0, 0.0, 0.0002073, 0.0001249, 0.0 ],
 [ 0.0002905, 0.0, 0.0, 0.0, 0.0, 0.0, 0.0001249, 0.0001816, 0.0 ],
 [ 0.03, 0.0, 0.0, 0.0, 0.0, 0.0, 0.0, 0.0, 0.1052 ]
      ], [
  [ 0.03775, 0.00025, 0.001045, 0.001015, 0.00066, 0.000635, 0.000395, 0.00041, 0.0285 ],
 [ 0.00025, 0.001156, 0.000272, 0.0001025, 0.0, 0.0, 0.0, 0.0, 0.0 ],
 [ 0.001045, 0.000272, 0.001157, 0.0004445, 0.0, 0.0, 0.0, 0.0, 0.0 ],
 [ 0.001015, 0.0001025, 0.0004445, 0.001293, 0.0, 0.0, 0.0, 0.0, 0.0 ],
 [ 0.00066, 0.0, 0.0, 0.0, 0.000803, 0.000273, 0.0, 0.0, 0.0 ],
 [ 0.000635, 0.0, 0.0, 0.0, 0.000273, 0.00072, 0.0, 0.0, 0.0 ],
 [ 0.000395, 0.0, 0.0, 0.0, 0.0, 0.0, 0.0004902, 0.0001725, 0.0 ],
 [ 0.00041, 0.0, 0.0, 0.0, 0.0, 0.0, 0.0001725, 0.00044, 0.0 ],
 [ 0.0285, 0.0, 0.0, 0.0, 0.0, 0.0, 0.0, 0.0, 0.159 ]
      ], [
  [ 0.04221, 0.000385, 0.00163, 0.001625, 0.000965, 0.001045, 0.00058, 0.00059, 0.035 ],
 [ 0.000385, 0.003039, 0.000765, 0.000155, 0.0, 0.0, 0.0, 0.0, 0.0 ],
 [ 0.00163, 0.000765, 0.00303, 0.000675, 0.0, 0.0, 0.0, 0.0, 0.0 ],
 [ 0.001625, 0.000155, 0.000675, 0.003254, 0.0, 0.0, 0.0, 0.0, 0.0 ],
 [ 0.000965, 0.0, 0.0, 0.0, 0.002037, 0.000442, 0.0, 0.0, 0.0 ],
 [ 0.001045, 0.0, 0.0, 0.0, 0.000442, 0.001898, 0.0, 0.0, 0.0 ],
 [ 0.00058, 0.0, 0.0, 0.0, 0.0, 0.0, 0.001197, 0.0002555, 0.0 ],
 [ 0.00059, 0.0, 0.0, 0.0, 0.0, 0.0, 0.0002555, 0.001125, 0.0 ],
 [ 0.035, 0.0, 0.0, 0.0, 0.0, 0.0, 0.0, 0.0, 0.264 ]
      ], [
  [ 0.04909, 0.00085, 0.0026, 0.002685, 0.0017, 0.0016, 0.000965, 0.00094, 0.045 ],
 [ 0.00085, 0.0075, 0.00213, 0.00034, 0.0, 0.0, 0.0, 0.0, 0.0 ],
 [ 0.0026, 0.00213, 0.00754, 0.001105, 0.0, 0.0, 0.0, 0.0, 0.0 ],
 [ 0.002685, 0.00034, 0.001105, 0.007745, 0.0, 0.0, 0.0, 0.0, 0.0 ],
 [ 0.0017, 0.0, 0.0, 0.0, 0.00494, 0.000674, 0.0, 0.0, 0.0 ],
 [ 0.0016, 0.0, 0.0, 0.0, 0.000674, 0.004828, 0.0, 0.0, 0.0 ],
 [ 0.000965, 0.0, 0.0, 0.0, 0.0, 0.0, 0.002788, 0.0004, 0.0 ],
 [ 0.00094, 0.0, 0.0, 0.0, 0.0, 0.0, 0.0004, 0.00274, 0.0 ],
 [ 0.045, 0.0, 0.0, 0.0, 0.0, 0.0, 0.0, 0.0, 0.449 ]
      ], [
  [ 0.0578, 0.001, 0.0041, 0.00393, 0.00265, 0.0027, 0.00145, 0.00145, 0.065 ],
 [ 0.001, 0.01741, 0.00515, 0.0005, 0.0, 0.0, 0.0, 0.0, 0.0 ],
 [ 0.0041, 0.00515, 0.01734, 0.00175, 0.0, 0.0, 0.0, 0.0, 0.0 ],
 [ 0.00393, 0.0005, 0.00175, 0.01719, 0.0, 0.0, 0.0, 0.0, 0.0 ],
 [ 0.00265, 0.0, 0.0, 0.0, 0.01117, 0.001135, 0.0, 0.0, 0.0 ],
 [ 0.0027, 0.0, 0.0, 0.0, 0.001135, 0.01125, 0.0, 0.0, 0.0 ],
 [ 0.00145, 0.0, 0.0, 0.0, 0.0, 0.0, 0.006018, 0.00061, 0.0 ],
 [ 0.00145, 0.0, 0.0, 0.0, 0.0, 0.0, 0.00061, 0.00613, 0.0 ],
 [ 0.065, 0.0, 0.0, 0.0, 0.0, 0.0, 0.0, 0.0, 0.737 ]
      ], [
  [ 0.0765, 0.0035, 0.00885, 0.0085, 0.00495, 0.0063, 0.0029, 0.0029, 0.06 ],
 [ 0.0035, 0.0833, 0.0318, 0.00145, 0.0, 0.0, 0.0, 0.0, 0.0 ],
 [ 0.00885, 0.0318, 0.08342, 0.0037, 0.0, 0.0, 0.0, 0.0, 0.0 ],
 [ 0.0085, 0.00145, 0.0037, 0.0763, 0.0, 0.0, 0.0, 0.0, 0.0 ],
 [ 0.00495, 0.0, 0.0, 0.0, 0.053, 0.00245, 0.0, 0.0, 0.0 ],
 [ 0.0063, 0.0, 0.0, 0.0, 0.00245, 0.05736, 0.0, 0.0, 0.0 ],
 [ 0.0029, 0.0, 0.0, 0.0, 0.0, 0.0, 0.02354, 0.00121, 0.0 ],
 [ 0.0029, 0.0, 0.0, 0.0, 0.0, 0.0, 0.00121, 0.02602, 0.0 ],
 [ 0.06, 0.0, 0.0, 0.0, 0.0, 0.0, 0.0, 0.0, 1.73 ]
      ]
    ], 
    "lambda_gen": 1000.0
  }
}