{
  "mu_dsig_dyt_ttbar_8TeV": {
    "params": [ "CtG", "CQq38", "CQq18", "Ctq8", "CQu8", "Ctu8", "CQd8", "Ctd8", "CG" ],
 
    "constant": [ 1.0, 1.0, 1.0, 1.0, 1.0, 1.0, 1.0, 1.0, 1.0, 1.0 ],
 
    "linear": [
  [ 0.263, 0.0117, 0.0284, 0.0275, 0.0194, 0.0195, 0.008, 0.00806, 0.074 ],
 [ 0.2713, 0.0062, 0.0208, 0.0204, 0.0136, 0.0137, 0.0074, 0.0076, 0.066 ],
 [ 0.274, 0.004, 0.0187, 0.0187, 0.0119, 0.0116, 0.0073, 0.007, 0.0623 ],
 [ 0.28, 0.003, 0.0172, 0.0176, 0.0105, 0.0104, 0.0073, 0.0067, 0.0605 ],
 [ 0.281, 0.0028, 0.016, 0.0163, 0.0096, 0.0101, 0.0068, 0.00681, 0.0611 ],
 [ 0.2794, 0.0027, 0.0164, 0.016, 0.0094, 0.00932, 0.007, 0.0068, 0.0616 ],
 [ 0.2804, 0.0028, 0.0171, 0.01729, 0.0103, 0.0102, 0.00702, 0.0068, 0.0616 ],
 [ 0.277, 0.0043, 0.0189, 0.0185, 0.0113, 0.0111, 0.0071, 0.0071, 0.064 ],
 [ 0.271, 0.0062, 0.02148, 0.0222, 0.0145, 0.0139, 0.00782, 0.0075, 0.07 ],
 [ 0.26, 0.0109, 0.0271, 0.0274, 0.0186, 0.019, 0.0081, 0.0083, 0.076 ]
    ], 
    "quadratic": [
  [ [ 0.03079, 0.000615, 0.0017, 0.00165, 0.001115, 0.001185, 0.000475, 0.00049, 0.0255 ],
 [ 0.000615, 0.003693, 0.0015, 0.000305, 0.0, 0.0, 0.0, 0.0, 0.0 ],
 [ 0.0017, 0.0015, 0.003692, 0.0007, 0.0, 0.0, 0.0, 0.0, 0.0 ],
 [ 0.00165, 0.000305, 0.0007, 0.003562, 0.0, 0.0, 0.0, 0.0, 0.0 ],
 [ 0.001115, 0.0, 0.0, 0.0, 0.002514, 0.000505, 0.0, 0.0, 0.0 ],
 [ 0.001185, 0.0, 0.0, 0.0, 0.000505, 0.002597, 0.0, 0.0, 0.0 ],
 [ 0.000475, 0.0, 0.0, 0.0, 0.0, 0.0, 0.00106, 0.0001985, 0.0 ],
 [ 0.00049, 0.0, 0.0, 0.0, 0.0, 0.0, 0.0001985, 0.001115, 0.0 ],
 [ 0.0255, 0.0, 0.0, 0.0, 0.0, 0.0, 0.0, 0.0, 0.118 ]
      ], [
  [ 0.0368, 0.000385, 0.00132, 0.001255, 0.00095, 0.000825, 0.000465, 0.00047, 0.029 ],
 [ 0.000385, 0.003078, 0.00101, 0.000175, 0.0, 0.0, 0.0, 0.0, 0.0 ],
 [ 0.00132, 0.00101, 0.003084, 0.00058, 0.0, 0.0, 0.0, 0.0, 0.0 ],
 [ 0.001255, 0.000175, 0.00058, 0.003077, 0.0, 0.0, 0.0, 0.0, 0.0 ],
 [ 0.00095, 0.0, 0.0, 0.0, 0.002036, 0.000375, 0.0, 0.0, 0.0 ],
 [ 0.000825, 0.0, 0.0, 0.0, 0.000375, 0.00206, 0.0, 0.0, 0.0 ],
 [ 0.000465, 0.0, 0.0, 0.0, 0.0, 0.0, 0.0010227, 0.000202, 0.0 ],
 [ 0.00047, 0.0, 0.0, 0.0, 0.0, 0.0, 0.000202, 0.001024, 0.0 ],
 [ 0.029, 0.0, 0.0, 0.0, 0.0, 0.0, 0.0, 0.0, 0.171 ]
      ], [
  [ 0.04007, 0.000325, 0.001235, 0.00126, 0.00078, 0.000815, 0.000475, 0.000495, 0.0305 ],
 [ 0.000325, 0.002914, 0.00089, 0.000115, 0.0, 0.0, 0.0, 0.0, 0.0 ],
 [ 0.001235, 0.00089, 0.002905, 0.0005345, 0.0, 0.0, 0.0, 0.0, 0.0 ],
 [ 0.00126, 0.000115, 0.0005345, 0.002931, 0.0, 0.0, 0.0, 0.0, 0.0 ],
 [ 0.00078, 0.0, 0.0, 0.0, 0.001901, 0.000315, 0.0, 0.0, 0.0 ],
 [ 0.000815, 0.0, 0.0, 0.0, 0.000315, 0.0018833, 0.0, 0.0, 0.0 ],
 [ 0.000475, 0.0, 0.0, 0.0, 0.0, 0.0, 0.001024, 0.000198, 0.0 ],
 [ 0.000495, 0.0, 0.0, 0.0, 0.0, 0.0, 0.000198, 0.001017, 0.0 ],
 [ 0.0305, 0.0, 0.0, 0.0, 0.0, 0.0, 0.0, 0.0, 0.204 ]
      ], [
  [ 0.04276, 0.000215, 0.001135, 0.001155, 0.00068, 0.000685, 0.00047, 0.000455, 0.036 ],
 [ 0.000215, 0.002824, 0.0008, 0.0001, 0.0, 0.0, 0.0, 0.0, 0.0 ],
 [ 0.001135, 0.0008, 0.002834, 0.0004875, 0.0, 0.0, 0.0, 0.0, 0.0 ],
 [ 0.001155, 0.0001, 0.0004875, 0.002864, 0.0, 0.0, 0.0, 0.0, 0.0 ],
 [ 0.00068, 0.0, 0.0, 0.0, 0.001834, 0.000289, 0.0, 0.0, 0.0 ],
 [ 0.000685, 0.0, 0.0, 0.0, 0.000289, 0.001814, 0.0, 0.0, 0.0 ],
 [ 0.00047, 0.0, 0.0, 0.0, 0.0, 0.0, 0.00103, 0.000199, 0.0 ],
 [ 0.000455, 0.0, 0.0, 0.0, 0.0, 0.0, 0.000199, 0.001021, 0.0 ],
 [ 0.036, 0.0, 0.0, 0.0, 0.0, 0.0, 0.0, 0.0, 0.224 ]
      ], [
  [ 0.04397, 0.000205, 0.001125, 0.001065, 0.00067, 0.000625, 0.000455, 0.00044, 0.0355 ],
 [ 0.000205, 0.002799, 0.000765, 8.5e-05, 0.0, 0.0, 0.0, 0.0, 0.0 ],
 [ 0.001125, 0.000765, 0.002812, 0.00045, 0.0, 0.0, 0.0, 0.0, 0.0 ],
 [ 0.001065, 8.5e-05, 0.00045, 0.002854, 0.0, 0.0, 0.0, 0.0, 0.0 ],
 [ 0.00067, 0.0, 0.0, 0.0, 0.001806, 0.0002715, 0.0, 0.0, 0.0 ],
 [ 0.000625, 0.0, 0.0, 0.0, 0.0002715, 0.001784, 0.0, 0.0, 0.0 ],
 [ 0.000455, 0.0, 0.0, 0.0, 0.0, 0.0, 0.00104, 0.0001945, 0.0 ],
 [ 0.00044, 0.0, 0.0, 0.0, 0.0, 0.0, 0.0001945, 0.001021, 0.0 ],
 [ 0.0355, 0.0, 0.0, 0.0, 0.0, 0.0, 0.0, 0.0, 0.246 ]
      ], [
  [ 0.04387, 0.00019, 0.00106, 0.001065, 0.000645, 0.000605, 0.000445, 0.00045, 0.0355 ],
 [ 0.00019, 0.00279, 0.000765, 7.5e-05, 0.0, 0.0, 0.0, 0.0, 0.0 ],
 [ 0.00106, 0.000765, 0.002785, 0.000465, 0.0, 0.0, 0.0, 0.0, 0.0 ],
 [ 0.001065, 7.5e-05, 0.000465, 0.002844, 0.0, 0.0, 0.0, 0.0, 0.0 ],
 [ 0.000645, 0.0, 0.0, 0.0, 0.001802, 0.000262, 0.0, 0.0, 0.0 ],
 [ 0.000605, 0.0, 0.0, 0.0, 0.000262, 0.001783, 0.0, 0.0, 0.0 ],
 [ 0.000445, 0.0, 0.0, 0.0, 0.0, 0.0, 0.001036, 0.0001935, 0.0 ],
 [ 0.00045, 0.0, 0.0, 0.0, 0.0, 0.0, 0.0001935, 0.001017, 0.0 ],
 [ 0.0355, 0.0, 0.0, 0.0, 0.0, 0.0, 0.0, 0.0, 0.241 ]
      ], [
  [ 0.0426, 0.00025, 0.001105, 0.001145, 0.000665, 0.000665, 0.00042, 0.00046, 0.0365 ],
 [ 0.00025, 0.00282, 0.0008, 9.5e-05, 0.0, 0.0, 0.0, 0.0, 0.0 ],
 [ 0.001105, 0.0008, 0.002821, 0.000485, 0.0, 0.0, 0.0, 0.0, 0.0 ],
 [ 0.001145, 9.5e-05, 0.000485, 0.002856, 0.0, 0.0, 0.0, 0.0, 0.0 ],
 [ 0.000665, 0.0, 0.0, 0.0, 0.001839, 0.000285, 0.0, 0.0, 0.0 ],
 [ 0.000665, 0.0, 0.0, 0.0, 0.000285, 0.001803, 0.0, 0.0, 0.0 ],
 [ 0.00042, 0.0, 0.0, 0.0, 0.0, 0.0, 0.0010346, 0.0001955, 0.0 ],
 [ 0.00046, 0.0, 0.0, 0.0, 0.0, 0.0, 0.0001955, 0.001015, 0.0 ],
 [ 0.0365, 0.0, 0.0, 0.0, 0.0, 0.0, 0.0, 0.0, 0.226 ]
      ], [
  [ 0.04018, 0.0003, 0.001265, 0.00122, 0.000745, 0.00075, 0.000465, 0.00046, 0.0325 ],
 [ 0.0003, 0.00291, 0.000895, 0.000121, 0.0, 0.0, 0.0, 0.0, 0.0 ],
 [ 0.001265, 0.000895, 0.00291, 0.00051, 0.0, 0.0, 0.0, 0.0, 0.0 ],
 [ 0.00122, 0.000121, 0.00051, 0.002934, 0.0, 0.0, 0.0, 0.0, 0.0 ],
 [ 0.000745, 0.0, 0.0, 0.0, 0.001916, 0.0003145, 0.0, 0.0, 0.0 ],
 [ 0.00075, 0.0, 0.0, 0.0, 0.0003145, 0.001897, 0.0, 0.0, 0.0 ],
 [ 0.000465, 0.0, 0.0, 0.0, 0.0, 0.0, 0.001028, 0.000198, 0.0 ],
 [ 0.00046, 0.0, 0.0, 0.0, 0.0, 0.0, 0.000198, 0.001016, 0.0 ],
 [ 0.0325, 0.0, 0.0, 0.0, 0.0, 0.0, 0.0, 0.0, 0.199 ]
      ], [
  [ 0.037, 0.00039, 0.0013, 0.001335, 0.000845, 0.00086, 0.00049, 0.00046, 0.0315 ],
 [ 0.00039, 0.003092, 0.00103, 0.000175, 0.0, 0.0, 0.0, 0.0, 0.0 ],
 [ 0.0013, 0.00103, 0.003092, 0.00058, 0.0, 0.0, 0.0, 0.0, 0.0 ],
 [ 0.001335, 0.000175, 0.00058, 0.003079, 0.0, 0.0, 0.0, 0.0, 0.0 ],
 [ 0.000845, 0.0, 0.0, 0.0, 0.002058, 0.000385, 0.0, 0.0, 0.0 ],
 [ 0.00086, 0.0, 0.0, 0.0, 0.000385, 0.002053, 0.0, 0.0, 0.0 ],
 [ 0.00049, 0.0, 0.0, 0.0, 0.0, 0.0, 0.001021, 0.000202, 0.0 ],
 [ 0.00046, 0.0, 0.0, 0.0, 0.0, 0.0, 0.000202, 0.001031, 0.0 ],
 [ 0.0315, 0.0, 0.0, 0.0, 0.0, 0.0, 0.0, 0.0, 0.166 ]
      ], [
  [ 0.0305, 0.0007, 0.001625, 0.001655, 0.001075, 0.001175, 0.00049, 0.00053, 0.0235 ],
 [ 0.0007, 0.003687, 0.00147, 0.00028, 0.0, 0.0, 0.0, 0.0, 0.0 ],
 [ 0.001625, 0.00147, 0.00369, 0.000695, 0.0, 0.0, 0.0, 0.0, 0.0 ],
 [ 0.001655, 0.00028, 0.000695, 0.00353, 0.0, 0.0, 0.0, 0.0, 0.0 ],
 [ 0.001075, 0.0, 0.0, 0.0, 0.002505, 0.000495, 0.0, 0.0, 0.0 ],
 [ 0.001175, 0.0, 0.0, 0.0, 0.000495, 0.002574, 0.0, 0.0, 0.0 ],
 [ 0.00049, 0.0, 0.0, 0.0, 0.0, 0.0, 0.001048, 0.000209, 0.0 ],
 [ 0.00053, 0.0, 0.0, 0.0, 0.0, 0.0, 0.000209, 0.001105, 0.0 ],
 [ 0.0235, 0.0, 0.0, 0.0, 0.0, 0.0, 0.0, 0.0, 0.118 ]
      ]
    ], 
    "lambda_gen": 1000.0
  }
}