{
  "mu_dsig_dmtt_ttbar_dilep_13TeV_CMS": {
    "params": [ "CtG", "CQq38", "CQq18", "Ctq8", "CQu8", "Ctu8", "CQd8", "Ctd8" ],

    "constant": [1.0, 1.0, 1.0, 1.0, 1.0 ],

    "linear": [
 [ 0.283, 0.0013, 0.0085, 0.00905, 0.0053, 0.00531, 0.0036, 0.00362 ],
 [ 0.2623, 0.002, 0.01172, 0.0113, 0.007, 0.0068, 0.00471, 0.00445 ],
 [ 0.25, 0.0044, 0.0185, 0.0176, 0.0111, 0.0114, 0.0069, 0.007 ],
 [ 0.243, 0.0079, 0.0339, 0.0313, 0.0178, 0.0202, 0.0123, 0.013 ],
 [ 0.218, 0.02, 0.068, 0.063, 0.041, 0.043, 0.022, 0.025 ]
    ],
    "quadratic": [
 [
  [ 0.03907, 8e-05, 0.000525, 0.000515, 0.0003, 0.000305, 0.00021, 0.000205 ],
 [ 8e-05, 0.000383, 7.05e-05, 4.405e-05, 0.0, 0.0, 0.0, 0.0 ],
 [ 0.000525, 7.05e-05, 0.00038, 0.000225, 0.0, 0.0, 0.0, 0.0 ],
 [ 0.000515, 4.405e-05, 0.000225, 0.0004414, 0.0, 0.0, 0.0, 0.0 ],
 [ 0.0003, 0.0, 0.0, 0.0, 0.000263, 0.0001315, 0.0, 0.0 ],
 [ 0.000305, 0.0, 0.0, 0.0, 0.0001315, 0.000225, 0.0, 0.0 ],
 [ 0.00021, 0.0, 0.0, 0.0, 0.0, 0.0, 0.0001789, 9.35e-05 ],
 [ 0.000205, 0.0, 0.0, 0.0, 0.0, 0.0, 9.35e-05, 0.0001528 ]
      ], [
  [ 0.04018, 0.000195, 0.000795, 0.00077, 0.00044, 0.00047, 0.000305, 0.000305 ],
 [ 0.000195, 0.000962, 0.000205, 7.05e-05, 0.0, 0.0, 0.0, 0.0 ],
 [ 0.000795, 0.000205, 0.00096, 0.0003105, 0.0, 0.0, 0.0, 0.0 ],
 [ 0.00077, 7.05e-05, 0.0003105, 0.001093, 0.0, 0.0, 0.0, 0.0 ],
 [ 0.00044, 0.0, 0.0, 0.0, 0.000665, 0.000188, 0.0, 0.0 ],
 [ 0.00047, 0.0, 0.0, 0.0, 0.000188, 0.000582, 0.0, 0.0 ],
 [ 0.000305, 0.0, 0.0, 0.0, 0.0, 0.0, 0.0004289, 0.000125 ],
 [ 0.000305, 0.0, 0.0, 0.0, 0.0, 0.0, 0.000125, 0.000385 ]
      ], [
  [ 0.0476, 0.000275, 0.001225, 0.001165, 0.000755, 0.00075, 0.0005, 0.000485 ],
 [ 0.000275, 0.0031, 0.00073, 0.00013, 0.0, 0.0, 0.0, 0.0 ],
 [ 0.001225, 0.00073, 0.003121, 0.0005255, 0.0, 0.0, 0.0, 0.0 ],
 [ 0.001165, 0.00013, 0.0005255, 0.003382, 0.0, 0.0, 0.0, 0.0 ],
 [ 0.000755, 0.0, 0.0, 0.0, 0.002073, 0.00033, 0.0, 0.0 ],
 [ 0.00075, 0.0, 0.0, 0.0, 0.00033, 0.001909, 0.0, 0.0 ],
 [ 0.0005, 0.0, 0.0, 0.0, 0.0, 0.0, 0.001289, 0.000206 ],
 [ 0.000485, 0.0, 0.0, 0.0, 0.0, 0.0, 0.000206, 0.001205 ]
      ], [
  [ 0.06, 0.00065, 0.0024, 0.0024, 0.001505, 0.00155, 0.00091, 0.00114 ],
 [ 0.00065, 0.01106, 0.00275, 0.00016, 0.0, 0.0, 0.0, 0.0 ],
 [ 0.0024, 0.00275, 0.01108, 0.00098, 0.0, 0.0, 0.0, 0.0 ],
 [ 0.0024, 0.00016, 0.00098, 0.01141, 0.0, 0.0, 0.0, 0.0 ],
 [ 0.001505, 0.0, 0.0, 0.0, 0.0072, 0.000615, 0.0, 0.0 ],
 [ 0.00155, 0.0, 0.0, 0.0, 0.000615, 0.00694, 0.0, 0.0 ],
 [ 0.00091, 0.0, 0.0, 0.0, 0.0, 0.0, 0.004235, 0.00039 ],
 [ 0.00114, 0.0, 0.0, 0.0, 0.0, 0.0, 0.00039, 0.004115 ]
      ], [
  [ 0.0843, 0.00135, 0.00495, 0.005, 0.00365, 0.0037, 0.00185, 0.0018 ],
 [ 0.00135, 0.04834, 0.0139, 0.00065, 0.0, 0.0, 0.0, 0.0 ],
 [ 0.00495, 0.0139, 0.0485, 0.00185, 0.0, 0.0, 0.0, 0.0 ],
 [ 0.005, 0.00065, 0.00185, 0.04727, 0.0, 0.0, 0.0, 0.0 ],
 [ 0.00365, 0.0, 0.0, 0.0, 0.03032, 0.0014, 0.0, 0.0 ],
 [ 0.0037, 0.0, 0.0, 0.0, 0.0014, 0.031, 0.0, 0.0 ],
 [ 0.00185, 0.0, 0.0, 0.0, 0.0, 0.0, 0.0167, 0.00077 ],
 [ 0.0018, 0.0, 0.0, 0.0, 0.0, 0.0, 0.00077, 0.01733 ]
      ]
    ],
    "lambda_gen": 1000.0
  }
}