{
  "mu_dsig_dmtt_ttbar_8TeV": {
    "params": [ "CtG", "CQq38", "CQq18", "Ctq8", "CQu8", "Ctu8", "CQd8", "Ctd8", "CG" ],
 
    "constant": [ 1.0, 1.0, 1.0, 1.0, 1.0, 1.0, 1.0 ],
 
    "linear": [
  [ 0.307, 0.0026, 0.0124, 0.01279, 0.00776, 0.00754, 0.00502, 0.00489, 0.0256 ],
 [ 0.277, 0.00325, 0.0138, 0.0143, 0.0086, 0.0085, 0.0056, 0.0052, 0.0532 ],
 [ 0.261, 0.0038, 0.0164, 0.01667, 0.0105, 0.00996, 0.0064, 0.00623, 0.0764 ],
 [ 0.259, 0.0053, 0.0217, 0.0219, 0.0137, 0.0134, 0.0082, 0.008, 0.0938 ],
 [ 0.257, 0.0083, 0.0309, 0.0303, 0.0203, 0.0204, 0.0111, 0.0114, 0.111 ],
 [ 0.255, 0.0142, 0.057, 0.054, 0.035, 0.037, 0.0202, 0.0205, 0.123 ],
 [ 0.247, 0.039, 0.14, 0.121, 0.084, 0.092, 0.042, 0.04, 0.135 ]
    ], 
    "quadratic": [
  [ [ 0.03902, 0.000135, 0.000675, 0.000695, 0.00044, 0.000395, 0.000285, 0.00025, 0.029 ],
 [ 0.000135, 0.000368, 8.35e-05, 6e-05, 0.0, 0.0, 0.0, 0.0, 0.0 ],
 [ 0.000675, 8.35e-05, 0.0003682, 0.000299, 0.0, 0.0, 0.0, 0.0, 0.0 ],
 [ 0.000695, 6e-05, 0.000299, 0.000415, 0.0, 0.0, 0.0, 0.0, 0.0 ],
 [ 0.00044, 0.0, 0.0, 0.0, 0.000253, 0.00018, 0.0, 0.0, 0.0 ],
 [ 0.000395, 0.0, 0.0, 0.0, 0.00018, 0.0002244, 0.0, 0.0, 0.0 ],
 [ 0.000285, 0.0, 0.0, 0.0, 0.0, 0.0, 0.0001635, 0.000118, 0.0 ],
 [ 0.00025, 0.0, 0.0, 0.0, 0.0, 0.0, 0.000118, 0.0001445, 0.0 ],
 [ 0.029, 0.0, 0.0, 0.0, 0.0, 0.0, 0.0, 0.0, 0.0988 ]
      ], [
  [ 0.03694, 0.00019, 0.0008, 0.00082, 0.00053, 0.00049, 0.00031, 0.00033, 0.0295 ],
 [ 0.00019, 0.000623, 0.000136, 7.45e-05, 0.0, 0.0, 0.0, 0.0, 0.0 ],
 [ 0.0008, 0.000136, 0.000622, 0.0003495, 0.0, 0.0, 0.0, 0.0, 0.0 ],
 [ 0.00082, 7.45e-05, 0.0003495, 0.000712, 0.0, 0.0, 0.0, 0.0, 0.0 ],
 [ 0.00053, 0.0, 0.0, 0.0, 0.000435, 0.000212, 0.0, 0.0, 0.0 ],
 [ 0.00049, 0.0, 0.0, 0.0, 0.000212, 0.000381, 0.0, 0.0, 0.0 ],
 [ 0.00031, 0.0, 0.0, 0.0, 0.0, 0.0, 0.0002746, 0.000136, 0.0 ],
 [ 0.00033, 0.0, 0.0, 0.0, 0.0, 0.0, 0.000136, 0.0002399, 0.0 ],
 [ 0.0295, 0.0, 0.0, 0.0, 0.0, 0.0, 0.0, 0.0, 0.1169 ]
      ], [
  [ 0.03767, 0.000255, 0.00107, 0.00103, 0.00067, 0.000655, 0.000405, 0.000425, 0.0295 ],
 [ 0.000255, 0.001179, 0.000279, 0.0001, 0.0, 0.0, 0.0, 0.0, 0.0 ],
 [ 0.00107, 0.000279, 0.001179, 0.000449, 0.0, 0.0, 0.0, 0.0, 0.0 ],
 [ 0.00103, 0.0001, 0.000449, 0.001317, 0.0, 0.0, 0.0, 0.0, 0.0 ],
 [ 0.00067, 0.0, 0.0, 0.0, 0.0008178, 0.000278, 0.0, 0.0, 0.0 ],
 [ 0.000655, 0.0, 0.0, 0.0, 0.000278, 0.000732, 0.0, 0.0, 0.0 ],
 [ 0.000405, 0.0, 0.0, 0.0, 0.0, 0.0, 0.0004991, 0.0001745, 0.0 ],
 [ 0.000425, 0.0, 0.0, 0.0, 0.0, 0.0, 0.0001745, 0.000448, 0.0 ],
 [ 0.0295, 0.0, 0.0, 0.0, 0.0, 0.0, 0.0, 0.0, 0.161 ]
      ], [
  [ 0.041, 0.000355, 0.00146, 0.00145, 0.00086, 0.00092, 0.00054, 0.00054, 0.034 ],
 [ 0.000355, 0.0024, 0.00059, 0.00014, 0.0, 0.0, 0.0, 0.0, 0.0 ],
 [ 0.00146, 0.00059, 0.002393, 0.00061, 0.0, 0.0, 0.0, 0.0, 0.0 ],
 [ 0.00145, 0.00014, 0.00061, 0.002602, 0.0, 0.0, 0.0, 0.0, 0.0 ],
 [ 0.00086, 0.0, 0.0, 0.0, 0.001623, 0.000385, 0.0, 0.0, 0.0 ],
 [ 0.00092, 0.0, 0.0, 0.0, 0.000385, 0.001496, 0.0, 0.0, 0.0 ],
 [ 0.00054, 0.0, 0.0, 0.0, 0.0, 0.0, 0.000962, 0.0002345, 0.0 ],
 [ 0.00054, 0.0, 0.0, 0.0, 0.0, 0.0, 0.0002345, 0.000894, 0.0 ],
 [ 0.034, 0.0, 0.0, 0.0, 0.0, 0.0, 0.0, 0.0, 0.23 ]
      ], [
  [ 0.0461, 0.00065, 0.00225, 0.00225, 0.001395, 0.00135, 0.00081, 0.0008, 0.0405 ],
 [ 0.00065, 0.00547, 0.00149, 0.000245, 0.0, 0.0, 0.0, 0.0, 0.0 ],
 [ 0.00225, 0.00149, 0.00549, 0.00093, 0.0, 0.0, 0.0, 0.0, 0.0 ],
 [ 0.00225, 0.000245, 0.00093, 0.00571, 0.0, 0.0, 0.0, 0.0, 0.0 ],
 [ 0.001395, 0.0, 0.0, 0.0, 0.003626, 0.000575, 0.0, 0.0, 0.0 ],
 [ 0.00135, 0.0, 0.0, 0.0, 0.000575, 0.00349, 0.0, 0.0, 0.0 ],
 [ 0.00081, 0.0, 0.0, 0.0, 0.0, 0.0, 0.002074, 0.00034, 0.0 ],
 [ 0.0008, 0.0, 0.0, 0.0, 0.0, 0.0, 0.00034, 0.002009, 0.0 ],
 [ 0.0405, 0.0, 0.0, 0.0, 0.0, 0.0, 0.0, 0.0, 0.376 ]
      ], [
  [ 0.0577, 0.0011, 0.00405, 0.004, 0.0026, 0.00265, 0.0014, 0.0014, 0.055 ],
 [ 0.0011, 0.01756, 0.00527, 0.000605, 0.0, 0.0, 0.0, 0.0, 0.0 ],
 [ 0.00405, 0.00527, 0.01753, 0.00175, 0.0, 0.0, 0.0, 0.0, 0.0 ],
 [ 0.004, 0.000605, 0.00175, 0.01733, 0.0, 0.0, 0.0, 0.0, 0.0 ],
 [ 0.0026, 0.0, 0.0, 0.0, 0.011282, 0.001135, 0.0, 0.0, 0.0 ],
 [ 0.00265, 0.0, 0.0, 0.0, 0.001135, 0.0114, 0.0, 0.0, 0.0 ],
 [ 0.0014, 0.0, 0.0, 0.0, 0.0, 0.0, 0.00606, 0.000605, 0.0 ],
 [ 0.0014, 0.0, 0.0, 0.0, 0.0, 0.0, 0.000605, 0.00618, 0.0 ],
 [ 0.055, 0.0, 0.0, 0.0, 0.0, 0.0, 0.0, 0.0, 0.735 ]
      ], [
  [ 0.0799, 0.003, 0.01, 0.009, 0.00575, 0.007, 0.0032, 0.0036, 0.07 ],
 [ 0.003, 0.0831, 0.0292, 0.0014, 0.0, 0.0, 0.0, 0.0, 0.0 ],
 [ 0.01, 0.0292, 0.0832, 0.0041, 0.0, 0.0, 0.0, 0.0, 0.0 ],
 [ 0.009, 0.0014, 0.0041, 0.07715, 0.0, 0.0, 0.0, 0.0, 0.0 ],
 [ 0.00575, 0.0, 0.0, 0.0, 0.05237, 0.0028, 0.0, 0.0, 0.0 ],
 [ 0.007, 0.0, 0.0, 0.0, 0.0028, 0.0559, 0.0, 0.0, 0.0 ],
 [ 0.0032, 0.0, 0.0, 0.0, 0.0, 0.0, 0.02475, 0.001405, 0.0 ],
 [ 0.0036, 0.0, 0.0, 0.0, 0.0, 0.0, 0.001405, 0.02711, 0.0 ],
 [ 0.07, 0.0, 0.0, 0.0, 0.0, 0.0, 0.0, 0.0, 1.8 ]
      ]
    ], 
    "lambda_gen": 1000.0
  }
}