{
  "observable_name": "dsig_dmemu_WW_ATLAS_13TeV",
  "measurement_name": "dsig_dmemu_WW_ATLAS_13TeV",
  "arxiv": 1905.04242,
  "hepdata": "https://www.hepdata.net/record/ins1734263?version=1&table=Table%207",
  "description": "Differential fiducial cross-section in the invariant mass memu [fb/GeV].  Integrated luminosity = 36.1 fb^-1. Data from Figure(s) 07b. Taken from SMEFiT public repo (https://github.com/LHCfitNikhef/smefit_database/blob/main/commondata/ATLAS_WW_13TeV_2016_memu.yaml).",
  "value": [ 3.453, 3.767, 3.538, 3.094, 2.228, 1.899, 1.558, 1.145, 0.6746, 0.3516, 0.1407, 0.02837, 0.00127 ],

  "uncertainty": {
    "stat": [ 0.108, 0.137, 0.131, 0.104, 0.088, 0.081, 0.063, 0.049, 0.0333, 0.0182, 0.0091, 0.00286, 0.00027 ],
    "syst": [ 0.22226560687609767, 0.2330386234082239, 0.23812601705819547, 0.19345283662949997, 0.1713300907604966, 0.15781951717072257, 0.11606032913963324, 0.0950105257326787, 0.06788011490856509, 0.030872965520014433, 0.016419196082634497, 0.0035162337806238088, 0.00033196385345395666 ],
    "th": [ 0.17012960350500145, 0.17185217864500002, 0.15494888586999908, 0.16373348992000078, 0.1341679320000014, 0.11435581453499861, 0.08244889259999796, 0.05641420725000042, 0.04185474748000518, 0.019889783460007804, 0.0064187916869999995, 0.001656642035499999, 8.111318550000007e-0 ]
  },
  "uncertainty_sigma": 1,
  "th_flat": true,
  "correlation_matrix": [
  [ 0.9999999999999999, 0.8229069762055518, 0.8205045982939801, 0.8447770332207458, 0.820989323996987, 0.8092494333921563, 0.798614237348948, 0.7989604995524309, 0.8049085054817691, 0.7758123830735768, 0.7460042317040628, 0.6877659439523808, 0.5266929591497544 ],
 [ 0.8229069762055518, 1.0000000000000002, 0.8023284403373562, 0.8209124431483646, 0.8149800008264533, 0.8035562675198836, 0.7910124380272507, 0.7809792404735227, 0.7896837922529303, 0.7649310742694576, 0.6912552323611456, 0.6537939309507271, 0.5221120391540478 ],
 [ 0.8205045982939801, 0.8023284403373562, 1.0000000000000002, 0.8130381119785093, 0.8216213955178479, 0.8132684865011118, 0.8042401904538491, 0.7970404235051606, 0.8079985034279005, 0.7876996263165661, 0.751699080295827, 0.6976172348052436, 0.5935926244585081 ],
 [ 0.8447770332207458, 0.8209124431483646, 0.8130381119785093, 1.0, 0.8426707858145197, 0.836692073858166, 0.8245823020424417, 0.8170052919296963, 0.8088957785848194, 0.7888656850292763, 0.7213931307747683, 0.6685446850793768, 0.5001283017276082 ],
 [ 0.820989323996987, 0.8149800008264533, 0.8216213955178479, 0.8426707858145197, 0.9999999999999999, 0.8454233436932809, 0.8398763320062818, 0.8267707454790333, 0.8287762282926938, 0.8020262964388079, 0.7293632353369408, 0.6878231294222645, 0.5421336370945745 ],
 [ 0.8092494333921563, 0.8035562675198836, 0.8132684865011118, 0.836692073858166, 0.8454233436932809, 1.0000000000000002, 0.8417029515213602, 0.8334822048650783, 0.8180520302485507, 0.8028461207553598, 0.7270230274862176, 0.6736652664297652, 0.5448833904104562 ],
 [ 0.798614237348948, 0.7910124380272507, 0.8042401904538491, 0.8245823020424417, 0.8398763320062818, 0.8417029515213602, 1.0000000000000002, 0.829491287862191, 0.8159103929239933, 0.791956157525341, 0.721686456106337, 0.6735787907537295, 0.5413887663045868 ],
 [ 0.7989604995524309, 0.7809792404735227, 0.7970404235051606, 0.8170052919296963, 0.8267707454790333, 0.8334822048650783, 0.829491287862191, 1.0, 0.8063607881176936, 0.7824987460806666, 0.7318854151420464, 0.6731212010552083, 0.5375025983090553 ],
 [ 0.8049085054817691, 0.7896837922529303, 0.8079985034279005, 0.8088957785848194, 0.8287762282926938, 0.8180520302485507, 0.8159103929239933, 0.8063607881176936, 0.9999999999999999, 0.807030301371376, 0.7528680768808635, 0.7055767005799201, 0.5538571409902849 ],
 [ 0.7758123830735768, 0.7649310742694576, 0.7876996263165661, 0.7888656850292763, 0.8020262964388079, 0.8028461207553598, 0.791956157525341, 0.7824987460806666, 0.807030301371376, 1.0000000000000002, 0.7220008957881777, 0.6587748282473083, 0.529064147628385 ],
 [ 0.7460042317040628, 0.6912552323611456, 0.751699080295827, 0.7213931307747683, 0.7293632353369408, 0.7270230274862176, 0.721686456106337, 0.7318854151420464, 0.7528680768808635, 0.7220008957881777, 0.9999999999999999, 0.7020219795283272, 0.5947177002205909 ],
 [ 0.6877659439523808, 0.6537939309507271, 0.6976172348052436, 0.6685446850793768, 0.6878231294222645, 0.6736652664297652, 0.6735787907537295, 0.6731212010552083, 0.7055767005799201, 0.6587748282473083, 0.7020219795283272, 1.0000000000000002, 0.5548184575902315 ],
 [ 0.5266929591497544, 0.5221120391540478, 0.5935926244585081, 0.5001283017276082, 0.5421336370945745, 0.5448833904104562, 0.5413887663045868, 0.5375025983090553, 0.5538571409902849, 0.529064147628385, 0.5947177002205909, 0.5548184575902315, 1.0 ]
  ]
}