{
  "observable_name": "mu_AC_mtt_ttbar_ljets_8TeV_comb", 
  "measurement_name": "mu_AC_mtt_ttbar_ljets_8TeV_comb", 
  "arxiv": "1709.05327", 
  "CDS": "http://cds.cern.ch/record/2284428", 
  "reportnumber": "CMS-TOP-15-016", 
  "DOI": "10.1007/JHEP04(2018)033", 
  "date": "2017/09/15", 
  "experiment": "CERN LHC experiments. ATLAS, CMS collaborations.", 
  "description": "Combination of inclusive and differential $\\mathrm{t}\\overline{\\mathrm{t}}$ charge asymmetry measurements using ATLAS and CMS data at $\\sqrt{s} =$ 7 and 8 TeV. Measured 8 TeV AC values in bins of ttbar invariant mass (Table 4), normalised by the quoted NNLO QCD + NLO EW SM predictions. Mtt bin edges: [0., 420., 500., 600., 750., 900., inf]. Relative experimental & theoretical uncertainties added in quadrature. Correlation matrix taken from Table 5.", 
  "value": [-0.725,  1.579, -0.365,  2.215, -1.432,  3.888], 
  "uncertainty": {
    "tot": [3.102, 1.144, 1.042, 1.52 , 2.243, 2.849]
  }, 
  "uncertainty_sigma": 1, 
  "th_flat": true,
  "correlation_matrix":[
    [  1.000, -0.128, -0.1  , -0.018, -0.009, -0.087 ],
    [ -0.128,  1.000,  0.015, -0.059, -0.074, -0.039 ],
    [ -0.1  ,  0.015,  1.000, -0.097,  0.067,  0.012 ],
    [ -0.018, -0.059, -0.097,  1.000, -0.34 ,  0.195 ],
    [ -0.009, -0.074,  0.067, -0.34 ,  1.000, -0.185 ],
    [ -0.087, -0.039,  0.012,  0.195, -0.185,  1.000 ]
  ]
}
