{
  "observable_name": "mu_dsig_dmtt_ttbar_8TeV", 
  "measurement_name": "mu_dsig_dmtt_ttbar_ljets_8TeV_CMS", 
  "arxiv": "1505.04480", 
  "CDS": "http://cds.cern.ch/record/2016641", 
  "reportnumber": "CMS-TOP-12-028", 
  "DOI": "10.1140/epjc/s10052-015-3709-x", 
  "date": "2015/05/17", 
  "experiment": "CERN LHC Run 2, CMS", 
  "description": "Measurement of the differential cross section for top quark pair production in pp collisions at $\\sqrt{s} =$ 8 TeV.  HepData record, https://www.hepdata.net/record/ins1370682. Measured full phase space normalised differential cross-section in ttbar invariant mass, Figure 11 c) & Table A.9  in preprint. Bin edges: [ 345.,  400.,  470.,  550.,  650.,  800., 1100., 1600.]. Converted to absolute differential cross section by scaling to CMS inclusive measurement (https://cds.cern.ch/record/2135205) and normalised to theory prediction obtained with fastNLO: https://fastnlo.hepforge.org/ using tables from 1704.08551, http://www.precision.hep.phy.cam.ac.uk/results/ttbar-fastnlo/.", 
  "value": [0.992, 0.92 , 0.936, 0.804, 0.79 , 0.785, 0.637], 
  "uncertainty": {
    "stat": [0.0268, 0.0249, 0.0244, 0.0231, 0.0238, 0.0266, 0.0522 ],
    "syst": [0.1112, 0.0789, 0.0979, 0.0936, 0.0846, 0.1149, 0.1075 ]
  },
 
  "uncertainty_sigma": 1, 
  "th_flat": true,
  "correlation_matrix":[
    [1.0  , 0.545, 0.566, 0.53 , 0.481, 0.428, 0.309],
    [0.545, 1.0  , 0.576, 0.558, 0.525, 0.456, 0.336],
    [0.566, 0.576, 1.0  , 0.517, 0.495, 0.441, 0.31 ],
    [0.53 , 0.558, 0.517, 1.0  , 0.446, 0.403, 0.302],
    [0.481, 0.525, 0.495, 0.446, 1.0  , 0.372, 0.25 ],
    [0.428, 0.456, 0.441, 0.403, 0.372, 1.0  , 0.274],
    [0.309, 0.336, 0.31 , 0.302, 0.25 , 0.274, 1.0  ]
  ]
}