{
  "observable_name": "mu_dsig_dmtt_ttbar_dilep_13TeV_CMS", 
  "measurement_name": "mu_dsig_dmtt_ttbar_dilep_13TeV_CMS", 
  "arxiv": "1708.07638", 
  "CDS": "http://cds.cern.ch/record/2280888", 
  "reportnumber": "CMS-TOP-16-007", 
  "DOI": "10.1007/JHEP04(2018)060", 
  "date": "2017/08/25", 
  "experiment": "CERN LHC Run 2, CMS", 
  "description": "Measurement of normalized differential $\\mathrm{t}\\overline{\\mathrm{t}}$ cross sections in the dilepton channel from pp collisions at $\\sqrt{s} =$ 13 TeV. Measured full phase space normalised differential cross-section in ttbar invariant mass, Figure 8 c) and table 18, (http://cms-results.web.cern.ch/cms-results/public-results/publications/TOP-16-007/). Scaled by measured inclusive cross section of 803 pb from https://cds.cern.ch/record/2652749. Bin edges: [ 340., 380., 470., 620., 820., 1100., 1600. ]. Normalisation to NNLO QCD prediction taken from subfigure, absolute NNLO prediction of 827.6 pb obtained from http://www.precision.hep.phy.cam.ac.uk/results/ttbar-fastnlo/. No correlation matrix provided for differential distribution, only correlation from rescaling to absolute taken into account.", 
  "value": [1.25, 1.02, 0.93, 0.89, 0.83, 1.11], 
  "uncertainty": {
    "tot": [0.253, 0.069, 0.101, 0.094, 0.121, 0.388]
  }, 
  "uncertainty_sigma": 1, 
  "th_flat": true,
  "correlation_matrix":[
    [1.0  , 0.193, 0.121, 0.125, 0.09 , 0.038],
    [0.193, 1.0  , 0.357, 0.369, 0.267, 0.111],
    [0.121, 0.357, 1.0  , 0.231, 0.167, 0.07 ],
    [0.125, 0.369, 0.231, 1.0  , 0.172, 0.072],
    [0.09 , 0.267, 0.167, 0.172, 1.0  , 0.052],
    [0.038, 0.111, 0.07 , 0.072, 0.052, 1.0  ]
  ]
}
